#! FIELDS time phi1 psi1 phi2 psi2 phi3 psi3 sum_abs ann.node-0 ann.node-1 WTMetaD.bias WTMetaD.acc
#! SET min_phi1 -pi
#! SET max_phi1 pi
#! SET min_psi1 -pi
#! SET max_psi1 pi
#! SET min_phi2 -pi
#! SET max_phi2 pi
#! SET min_psi2 -pi
#! SET max_psi2 pi
#! SET min_phi3 -pi
#! SET max_phi3 pi
#! SET min_psi3 -pi
#! SET max_psi3 pi
 73868.403509 -1.113132 2.769391 -2.759732 2.907352 -1.968412 2.641560 0.613652 -0.309976 -1.000000 14.586789 0.000482
 73868.603509 -1.404515 2.656731 -2.467585 2.678202 -1.679843 2.703755 0.647239 -0.386695 -1.000000 14.051954 0.001273
 73868.803509 -1.446948 2.741454 -2.501990 3.138250 -2.192580 2.576593 0.644799 -0.439385 -1.000000 15.088865 0.002303
 73869.003509 -1.288302 2.524596 -2.150985 2.556472 -1.618903 2.652362 0.498056 -0.319016 -1.000000 14.445737 0.003141
 73869.203509 -1.388244 2.554812 -2.546459 2.406264 -1.328947 2.690582 0.619993 -0.380218 -1.000000 13.994240 0.004143
 73869.403509 -1.391091 2.951010 -2.807357 3.082434 -1.875852 2.805523 0.436611 -0.430467 -1.000000 14.907284 0.005225
 73869.603509 -1.348663 2.413538 -1.850679 -3.107298 -2.316206 2.865820 0.371639 -0.349816 -1.000000 14.044540 0.006100
 73869.803509 -1.264341 2.597451 -1.995837 2.763827 -2.198963 2.759754 0.606670 -0.315245 -1.000000 14.504101 0.007005
 73870.003509 -1.262666 2.073380 -1.336558 2.790461 -1.709810 2.568736 0.652249 -0.330948 -1.000000 14.269384 0.007769
 73870.203509 -1.641283 2.299819 -1.405450 3.136894 -2.023374 2.800621 0.579110 -0.522416 -1.000000 15.859872 0.008672
 73870.403509 -1.351378 2.331050 -1.549275 -2.761944 -2.624595 2.973775 0.471843 -0.372637 -1.000000 13.992156 0.009629
 73870.603509 -1.817568 2.549766 -1.712439 2.715887 -1.988124 2.644017 0.422224 -0.589907 -1.000000 15.301530 0.010802
 73870.803509 -1.220600 2.339011 -1.395072 3.052517 -2.444116 2.559811 0.625889 -0.328893 -1.000000 14.357758 0.011958
 73871.003509 -1.448536 2.456209 -1.554603 2.582400 -1.953700 2.325569 0.658239 -0.434356 -1.000000 14.991887 0.012947
 73871.203509 -1.471649 2.442865 -1.477166 2.607607 -1.433216 2.354004 0.629790 -0.439811 -1.000000 15.098248 0.013929
 73871.403509 -0.882046 2.393909 -1.489355 2.993834 -1.914612 2.514877 0.812590 -0.262047 -1.000000 15.088337 0.014931
 73871.603509 -1.038881 2.381970 -1.593572 2.791027 -1.532242 2.653693 0.713177 -0.269010 -1.000000 15.082884 0.015928
 73871.803509 -1.187531 2.362539 -1.569635 2.697972 -1.354388 2.503764 0.722075 -0.298725 -1.000000 14.802782 0.016930
 73872.003509 -1.379810 2.616132 -1.519299 2.676897 -1.273030 2.617013 0.713027 -0.360072 -1.000000 14.017049 0.017802
 73872.203509 -1.759809 2.511163 -1.264301 2.692630 -1.357587 2.629490 0.710395 -0.591732 -1.000000 15.276696 0.019437
 73872.403509 -1.581745 2.550956 -1.671466 2.795878 -1.067535 2.466673 0.678652 -0.473731 -1.000000 15.493162 0.020704
 73872.603509 -1.194213 2.646158 -1.915248 2.724984 -1.153354 2.418031 0.634406 -0.299936 -1.000000 14.805941 0.021612
 73872.803509 -1.080291 2.709195 -2.022314 2.683319 -1.047014 2.835768 0.763102 -0.270049 -1.000000 15.084741 0.022660
 73873.003509 -1.189045 2.404399 -1.548318 2.741814 -1.067624 2.734318 0.616380 -0.292985 -1.000000 14.894708 0.023801
 73873.203509 -1.315597 2.490907 -1.788045 2.916042 -1.004117 2.825649 0.525355 -0.322840 -1.000000 14.485789 0.024800
 73873.403509 -1.448197 2.486250 -1.415999 2.840931 -0.989401 2.745106 0.502473 -0.397816 -1.000000 14.260279 0.025665
 73873.603509 -1.677671 2.455745 -1.556134 2.853163 -1.224625 2.496223 0.589724 -0.533044 -1.000000 15.922159 0.026652
 73873.803509 -1.533429 2.266131 -1.424361 2.528280 -1.133689 2.806137 0.632851 -0.435492 -1.000000 15.025387 0.027670
 73874.003509 -1.578948 2.875854 -2.161430 2.599249 -0.982406 2.611330 0.490139 -0.452696 -1.000000 15.300436 0.028731
 73874.203509 -1.387088 2.932732 -2.229659 2.917849 -1.872734 2.827625 0.482347 -0.360996 -1.000000 14.077183 0.029716
 73874.403509 -1.239617 2.895656 -2.202843 2.997668 -2.120708 2.512339 0.598429 -0.320228 -1.000000 14.522216 0.030636
 73874.603509 -1.472236 2.864455 -2.246108 2.867153 -2.073199 2.299156 0.587477 -0.458982 -1.000000 15.422030 0.031965
 73874.803509 -1.391592 2.891307 -2.323119 2.318948 -0.892746 2.292134 0.669144 -0.398242 -1.000000 14.287393 0.033022
 73875.003509 -1.316725 2.735922 -1.913996 2.410638 -1.266182 2.570449 0.688794 -0.323926 -1.000000 14.471078 0.033981
 73875.203509 -1.186495 2.845272 -2.280449 2.542798 -1.477983 2.257538 0.689904 -0.317295 -1.000000 14.563159 0.034839
 73875.403509 -1.474295 2.652618 -2.514778 1.860675 -1.416134 2.458712 0.745915 -0.430642 -1.000000 14.971314 0.035656
 73875.603509 -1.106641 2.850988 -2.719754 2.195960 -1.300768 2.766196 0.740096 -0.294179 -1.000000 14.880109 0.036613
 73875.803509 -1.422252 2.413009 -2.317724 2.613201 -1.818816 2.422481 0.602168 -0.407566 -1.000000 14.461103 0.037638
 73876.003509 -1.335191 2.792994 -2.781472 2.484953 -1.756095 2.702175 0.690064 -0.389778 -1.000000 14.169760 0.038677
 73876.203509 -1.442370 2.798002 -2.729547 2.479853 -1.313846 2.639818 0.628764 -0.438046 -1.000000 15.151804 0.039643
 73876.403509 -1.340913 2.629344 -2.248333 2.726638 -1.178383 2.598176 0.548433 -0.343454 -1.000000 14.254199 0.040550
 73876.603509 -1.211883 2.856067 -2.435356 2.848249 -1.156585 2.498257 0.406425 -0.314682 -1.000000 14.610399 0.041500
 73876.803509 -1.600060 2.596231 -2.044350 3.053887 -1.390979 2.749261 0.249839 -0.460309 -1.000000 15.447939 0.042542
 73877.003509 -1.165658 2.808471 -2.160199 2.718843 -1.245854 2.638548 0.483042 -0.286919 -1.000000 14.965864 0.043796
 73877.203509 -1.568584 2.802432 -1.859050 3.090090 -1.753140 2.712273 0.417713 -0.446039 -1.000000 15.282766 0.044797
 73877.403509 -1.315700 2.876006 -2.348378 2.888929 -1.700624 2.533303 0.547842 -0.347012 -1.000000 14.219926 0.045754
 73877.603509 -1.192901 2.904070 -2.356643 2.621166 -1.217303 2.743482 0.376432 -0.295645 -1.000000 14.865579 0.046666
 73877.803509 -1.286282 2.657284 -2.516395 -2.912418 -2.744558 2.800726 0.668582 -0.365131 -1.000000 14.111094 0.047577
 73878.003509 -1.716709 2.386099 -1.934122 2.903951 -1.536339 2.887502 0.371735 -0.522546 -1.000000 15.872400 0.048543
 73878.203509 -1.132467 2.273068 -1.795717 2.520320 -1.564492 2.615355 0.666598 -0.279413 -1.000000 15.035333 0.049444
 73878.403509 -1.407779 2.353505 -1.472129 2.741151 -1.920899 2.800870 0.645817 -0.378516 -1.000000 14.134619 0.050483
 73878.603509 -1.639591 3.083713 -2.754517 2.608583 -1.269217 2.878240 0.417661 -0.549454 -1.000000 15.951264 0.051559
 73878.803509 -1.289204 2.667381 -2.214344 2.779365 -1.525969 2.772196 0.423868 -0.319676 -1.000000 14.542825 0.052636
 73879.003509 -1.343341 2.769737 -2.227877 2.182701 -1.167795 3.005188 0.740423 -0.333503 -1.000000 14.365307 0.053646
 73879.203509 -1.477643 2.945586 -2.295200 2.849701 -1.863210 2.795532 0.571906 -0.408899 -1.000000 14.543254 0.054584
 73879.403509 -1.389331 -3.005593 -2.638846 2.516935 -1.638289 2.554813 0.533757 -0.396851 -1.000000 14.324818 0.055631
 73879.603509 -1.531601 2.968520 -2.106549 2.787574 -2.364011 2.489623 0.530331 -0.461594 -1.000000 15.474481 0.056637
 73879.803509 -1.330243 -3.113540 -2.799587 2.687324 -2.279921 2.865253 0.639439 -0.398227 -1.000000 14.346409 0.057759
 73880.003509 -1.028868 2.547457 -2.416773 2.641350 -2.272258 2.962966 0.583139 -0.276305 -1.000000 15.057181 0.058800
 73880.203509 -1.722310 2.751493 -2.356822 2.573284 -2.214068 2.847821 0.574249 -0.560801 -1.000000 15.830212 0.059834
 73880.403509 -1.415667 2.674861 -2.217966 2.812368 -2.343517 2.416364 0.564671 -0.414656 -1.000000 14.664236 0.060905
 73880.603509 -1.633066 2.725010 -2.306499 2.850970 -2.536984 2.796337 0.417440 -0.524449 -1.000000 15.933503 0.062083
 73880.803509 -1.856725 2.948096 -2.302139 2.622341 -2.382005 2.174640 0.482784 -0.674963 -1.000000 16.490657 0.063656
 73881.003509 -1.024509 2.502299 -2.262059 2.517862 -2.530015 2.124065 0.704374 -0.300836 -1.000000 14.843211 0.064831
 73881.203509 -1.414768 2.544841 -2.163656 2.500172 -2.479653 2.866236 0.517862 -0.383791 -1.000000 14.172117 0.065696
 73881.403509 -1.453084 3.003884 -2.676787 2.640950 -2.643690 2.652328 0.582846 -0.470272 -1.000000 15.544431 0.066629
 73881.603509 -1.458976 2.773203 -2.369116 2.455580 -2.380612 2.770253 0.574501 -0.417111 -1.000000 14.717411 0.067696
 73881.803509 -1.003026 2.480495 -2.066757 2.509218 -2.578078 2.548725 0.679760 -0.270147 -1.000000 15.137796 0.068605
 73882.003509 -1.308180 2.696580 -2.609090 2.880149 -2.662499 3.030877 0.422172 -0.386979 -1.000000 14.200962 0.069528
 73882.203509 -1.203858 2.655752 -2.424949 2.783556 -2.368165 2.792730 0.437160 -0.314525 -1.000000 14.658055 0.070666
 73882.403509 -1.720244 2.669784 -2.299177 2.637079 -2.621045 2.896252 0.494719 -0.571821 -1.000000 15.638514 0.071669
 73882.603509 -1.437862 -3.128307 -2.712983 2.653269 -2.221600 2.347204 0.537252 -0.486130 -1.000000 15.644430 0.073034
 73882.803509 -2.294996 2.797041 -2.386107 2.929306 -2.270397 2.876856 0.438314 -0.714979 -1.000000 17.087826 0.074982
 73883.003509 -2.350377 2.659953 -2.445195 2.836640 -2.362868 2.903781 0.556085 -0.722083 -1.000000 17.218358 0.077971
 73883.203509 -1.157768 2.490532 -2.122295 2.690065 -2.330381 2.666365 0.594349 -0.292351 -1.000000 14.958365 0.079412
 73883.403509 -1.234061 3.048859 -2.568095 2.889615 -2.295108 2.752403 0.464045 -0.331843 -1.000000 14.429473 0.080402
 73883.603509 -1.201455 2.859825 -2.039378 2.966993 -2.427932 2.429948 0.555134 -0.315022 -1.000000 14.651108 0.081351
 73883.803509 -0.940537 2.894213 -2.736880 2.418837 -2.025121 2.256234 0.760777 -0.305346 -1.000000 14.787066 0.082381
 73884.003509 -1.453404 2.958398 -2.319084 2.861101 -2.677498 2.602194 0.670344 -0.432764 -1.000000 15.085326 0.083378
 73884.203509 -1.545249 -3.005370 -2.474988 2.704493 -2.622058 2.647946 0.601593 -0.489155 -1.000000 15.683660 0.084461
 73884.403509 -0.986529 2.791942 -2.402575 2.690505 -2.989120 2.807127 0.797135 -0.274744 -1.000000 15.120703 0.085838
 73884.603509 -0.983318 2.650623 -2.614540 2.330052 -1.914076 2.738549 0.858540 -0.275579 -1.000000 15.116178 0.086998
 73884.803509 -1.084623 2.494445 -2.330114 1.969738 -1.290293 2.773969 0.581819 -0.272631 -1.000000 15.130397 0.088126
 73885.003509 -1.295588 2.555759 -2.497440 2.316266 -1.832781 2.970569 0.575196 -0.339378 -1.000000 14.346201 0.089150
 73885.203509 -0.906262 2.535005 -2.528161 2.652566 -2.438815 2.734866 0.677980 -0.269463 -1.000000 15.140250 0.090154
 73885.403509 -1.320066 2.888647 -2.775505 2.856289 -2.335693 3.048054 0.390059 -0.405663 -1.000000 14.575326 0.091137
 73885.603509 -1.221150 2.829244 -2.873865 2.765348 -2.545110 2.801190 0.468368 -0.369288 -1.000000 14.180922 0.092148
 73885.803509 -1.330691 2.714294 -2.401426 2.849326 -2.289505 2.656761 0.474155 -0.362664 -1.000000 14.183969 0.093076
 73886.003509 -1.381297 2.689939 -2.322728 2.709781 -2.117177 2.644108 0.326857 -0.374644 -1.000000 14.195926 0.094100
 73886.203509 -1.014088 2.547152 -2.207671 2.731883 -2.388744 2.411328 0.425569 -0.276964 -1.000000 15.110831 0.095152
 73886.403509 -0.845634 2.358302 -2.355158 2.777592 -2.591865 2.521632 0.481640 -0.265193 -1.000000 15.146203 0.096187
 73886.603509 -1.592332 2.524159 -2.763992 2.561353 -2.291510 2.887822 0.482193 -0.553147 -1.000000 15.923010 0.097363
 73886.803509 -1.274218 2.621035 -2.763397 2.741497 -2.561905 2.706295 0.532119 -0.382259 -1.000000 14.302149 0.098466
 73887.003509 -1.248514 2.461472 -2.258215 2.527166 -2.582139 2.553409 0.584498 -0.330127 -1.000000 14.484988 0.099482
 73887.203509 -1.202629 2.676694 -2.381142 2.329208 -2.319654 2.713698 0.628178 -0.308034 -1.000000 14.764875 0.100530
 73887.403509 -1.168258 2.600090 -2.368714 2.530664 -2.704163 2.659115 0.594822 -0.307766 -1.000000 14.768467 0.101530
 73887.603509 -1.356848 2.479211 -2.104639 2.538126 -2.288455 2.736742 0.426396 -0.351090 -1.000000 14.291742 0.102506
 73887.803509 -0.875197 2.655553 -2.265764 2.956421 -2.869740 2.709603 0.351438 -0.261856 -1.000000 15.142680 0.103408
 73888.003509 -1.357506 2.547341 -2.547192 2.541782 -2.506280 2.711059 0.480784 -0.391157 -1.000000 14.392632 0.104436
 73888.203510 -1.227506 2.823531 -2.737534 2.836233 -2.751764 2.411617 0.472732 -0.385075 -1.000000 14.384089 0.105346
 73888.403510 -1.004424 2.564878 -2.651366 3.058394 -2.655309 2.576237 0.451387 -0.289753 -1.000000 14.997621 0.106418
 73888.603510 -1.715301 2.713012 -2.501881 2.996422 -2.567010 2.439915 0.256094 -0.617317 -1.000000 15.253647 0.107670
 73888.803510 -1.224244 2.464502 -2.416413 2.782705 -2.475879 3.046146 0.489936 -0.327747 -1.000000 14.529345 0.108687
 73889.003510 -1.860033 2.656719 -2.356690 2.861364 -2.758848 2.449805 0.432204 -0.661115 -1.000000 16.203729 0.109980
 73889.203510 -1.826084 2.513251 -2.314011 2.467144 -2.228101 2.737101 0.354532 -0.606273 -1.000000 15.185897 0.111490
 73889.403510 -1.129171 2.825262 -2.577084 2.729715 -2.510239 2.514882 0.451352 -0.312467 -1.000000 14.713925 0.112660
 73889.603510 -1.368325 2.603755 -2.279530 -3.072182 -2.954135 2.399669 0.350046 -0.421203 -1.000000 14.974206 0.113555
 73889.803510 -0.958830 2.699842 -2.205544 2.945913 -2.756841 2.839073 0.464719 -0.266363 -1.000000 15.146442 0.114584
 73890.003510 -1.102621 2.686906 -1.811755 2.431765 -2.803945 2.548304 0.769522 -0.286758 -1.000000 15.029137 0.115671
 73890.203510 -1.228457 2.444734 -1.772965 2.243509 -2.461213 2.507860 0.382894 -0.313530 -1.000000 14.743065 0.116767
 73890.403510 -0.958266 2.461359 -2.086802 2.261600 -2.999065 2.744696 0.831067 -0.265185 -1.000000 15.192891 0.117789
 73890.603510 -0.994167 2.507620 -2.278019 2.532888 -2.709797 2.691729 0.823943 -0.270945 -1.000000 15.188592 0.118861
 73890.803510 -1.168770 2.544386 -2.109471 2.293572 -2.746732 2.980195 0.288526 -0.297661 -1.000000 14.956390 0.120008
 73891.003510 -1.225337 2.510750 -2.011756 2.410426 -2.850512 2.768564 0.677753 -0.312594 -1.000000 14.755771 0.121127
 73891.203510 -1.401040 2.147859 -1.563276 2.405752 -2.491113 2.822072 0.761989 -0.377571 -1.000000 14.328997 0.122166
 73891.403510 -1.383821 2.353262 -1.418787 2.205770 -2.102304 2.791719 0.764392 -0.367558 -1.000000 14.294288 0.123210
 73891.603510 -1.237755 2.822876 -1.815548 2.013417 -1.491037 2.432422 0.760365 -0.304724 -1.000000 14.863137 0.124280
 73891.803510 -1.250139 2.393952 -1.314721 2.380560 -1.639397 2.941914 0.786990 -0.319768 -1.000000 14.660333 0.125222
 73892.003510 -1.366733 2.370378 -1.388796 2.405246 -1.398457 2.790704 0.775100 -0.354763 -1.000000 14.321745 0.126392
 73892.203510 -0.828934 2.206377 -1.211787 2.454470 -1.003499 2.575372 0.840200 -0.277040 -1.000000 15.172397 0.127403
 73892.403510 -1.387287 2.189362 -1.450052 2.308799 -1.097744 2.431641 0.776520 -0.377525 -1.000000 14.378804 0.128520
 73892.603510 -1.605415 2.678746 -1.303194 2.232563 -1.484488 2.704285 0.725063 -0.490741 -1.000000 15.696816 0.129741
 73892.803510 -1.356258 2.785561 -1.244606 2.390266 -1.170072 2.652858 0.748609 -0.365921 -1.000000 14.350057 0.130824
 73893.003510 -1.259299 2.738736 -1.375477 2.481228 -1.358114 2.989102 0.755877 -0.318875 -1.000000 14.711348 0.131772
 73893.203510 -1.407203 2.685266 -1.137723 1.947814 -1.330045 2.827067 0.769273 -0.391980 -1.000000 14.501158 0.132876
 73893.403510 -1.298833 2.905824 -1.197862 2.217399 -1.452368 2.614676 0.701435 -0.345332 -1.000000 14.440072 0.133902
 73893.603510 -1.212613 2.686812 -1.260855 2.406468 -1.517268 2.853932 0.698724 -0.309925 -1.000000 14.823814 0.134869
 73893.803510 -1.154872 2.835475 -1.074712 2.560253 -1.964867 2.926509 0.794962 -0.313387 -1.000000 14.779631 0.135943
 73894.003510 -1.005012 2.700846 -1.229489 2.855954 -2.579331 2.876673 0.828792 -0.280170 -1.000000 15.152392 0.136951
 73894.203510 -1.423286 2.674940 -0.848048 2.603906 -2.014078 2.892814 0.816339 -0.479558 -1.000000 15.640974 0.138113
 73894.403510 -1.366606 2.825561 -0.873783 2.656247 -2.662165 2.663700 0.836144 -0.466886 -1.000000 15.579850 0.139164
 73894.603510 -1.138221 2.806314 -1.219045 2.404412 -2.415636 2.837250 0.772624 -0.302607 -1.000000 14.962055 0.140278
 73894.803510 -1.290009 3.108002 -1.404724 2.443083 -2.576163 2.814364 0.717784 -0.339755 -1.000000 14.504080 0.141476
 73895.003510 -1.258734 2.773116 -1.317561 2.524888 -2.376310 2.685096 0.681136 -0.336338 -1.000000 14.538250 0.142461
 73895.203510 -1.402115 3.021351 -1.431818 2.590013 -2.685110 2.862012 0.712204 -0.395660 -1.000000 14.548093 0.143497
 73895.403510 -1.203263 2.779668 -1.147526 2.657541 -2.706154 2.614056 0.810924 -0.342732 -1.000000 14.476515 0.144417
 73895.603510 -0.907562 2.623106 -1.050928 2.284179 -2.675065 2.143794 0.925452 -0.315909 -1.000000 14.783304 0.145615
 73895.803510 -1.038472 2.255272 -0.842436 2.141570 -2.357243 2.551917 0.924909 -0.316125 -1.000000 14.780440 0.146531
 73896.003510 -1.242673 2.851212 -1.330391 2.231982 -2.573471 2.678655 0.753773 -0.329926 -1.000000 14.608655 0.147543
 73896.203510 -1.193656 2.805938 -1.253866 2.290170 -2.617343 2.195031 0.785830 -0.365121 -1.000000 14.394540 0.148603
 73896.403510 -1.327687 2.819259 -1.245654 2.360256 -2.672877 2.033569 0.790274 -0.482590 -1.000000 15.654033 0.149850
 73896.603510 -1.172541 2.753751 -1.147892 2.500317 -2.447782 2.387572 0.821421 -0.340253 -1.000000 14.553899 0.150918
 73896.803510 -1.170809 2.768800 -1.123170 2.755195 -2.836502 2.516951 0.780799 -0.342885 -1.000000 14.528712 0.151962
 73897.003510 -1.753307 -3.022028 -1.215514 2.686579 -2.562667 2.740684 0.698998 -0.608652 -1.000000 15.190457 0.153230
 73897.203510 -1.156699 3.039320 -1.689150 2.607023 -2.477488 2.603662 0.725729 -0.293020 -1.000000 15.118810 0.154486
 73897.403510 -1.445926 3.013070 -1.715543 2.745264 -2.745005 2.640193 0.641618 -0.410459 -1.000000 14.794381 0.155571
 73897.603510 -1.707202 2.686974 -1.400521 2.644283 -2.731964 2.757245 0.684824 -0.579362 -1.000000 15.494323 0.156882
 73897.803510 -1.233965 2.832105 -1.741423 2.395076 -2.349245 2.504683 0.745808 -0.314519 -1.000000 14.854530 0.158099
 73898.003510 -1.391892 2.944837 -1.607855 3.004019 -2.970424 2.595482 0.664166 -0.401955 -1.000000 14.651632 0.159087
 73898.203510 -1.715827 2.905345 -2.406052 2.404810 -2.050259 2.871254 0.593616 -0.552453 -1.000000 15.929205 0.160299
 73898.403510 -1.051590 2.919769 -2.348752 2.960440 -2.385280 2.868417 0.640412 -0.277388 -1.000000 15.247534 0.161581
 73898.603510 -2.268912 2.931963 -1.908636 2.959986 -2.695256 2.614826 0.572894 -0.711316 -1.000000 17.027748 0.162899
 73898.803510 -2.156967 2.475377 -1.608262 3.111143 -2.535752 2.645783 0.515409 -0.701277 -1.000000 16.879620 0.165573
 73899.003510 -2.221966 2.332552 -1.752851 2.793835 -2.123369 2.804666 0.545048 -0.695540 -1.000000 16.800638 0.167973
 73899.203510 -2.482465 2.420153 -1.650656 2.527015 -2.112480 2.684959 0.623246 -0.717509 -1.000000 17.131968 0.170689
 73899.403510 -2.591249 2.622841 -1.992953 2.651726 -2.221561 2.700422 0.631726 -0.720281 -1.000000 17.183214 0.173140
 73899.603510 -2.047078 2.637406 -1.760494 2.889194 -2.282717 2.684429 0.500639 -0.671029 -1.000000 16.415978 0.175604
 73899.803510 -2.400630 2.656936 -1.840528 2.860246 -2.087604 2.673796 0.566734 -0.712819 -1.000000 17.051897 0.177849
 73900.003510 -2.553170 2.547478 -1.533334 2.932703 -2.202083 2.410689 0.628253 -0.731667 -1.000000 17.426210 0.180532
 73900.203510 -2.703934 2.766020 -1.620292 2.996596 -2.518678 2.663376 0.635316 -0.727709 -1.000000 17.375458 0.183299
 73900.403510 -2.282430 2.745889 -1.364371 3.019801 -2.003520 2.712898 0.566857 -0.714093 -1.000000 17.108292 0.186161
 73900.603510 -2.575060 2.550568 -1.071282 2.803562 -1.641948 2.470827 0.719237 -0.738638 -1.000000 17.629049 0.188832
 73900.803510 -2.569585 2.716834 -1.236819 2.938257 -1.811033 2.729653 0.658122 -0.729963 -1.000000 17.426002 0.191828
 73901.003510 -2.737713 2.385029 -1.203943 2.735189 -1.481886 2.686596 0.775016 -0.730432 -1.000000 17.436671 0.194701
 73901.203510 -2.608582 2.547962 -1.447882 2.553126 -1.042235 2.737320 0.741791 -0.720459 -1.000000 17.224076 0.197362
 73901.403510 -2.444404 2.688282 -1.229980 2.734623 -1.262992 2.701466 0.685983 -0.724489 -1.000000 17.305836 0.200167
 73901.603510 -2.465180 2.282153 -1.114001 2.557414 -1.281092 2.736234 0.773902 -0.728553 -1.000000 17.394232 0.202950
 73901.803510 -2.828432 2.675386 -1.299765 2.732524 -1.204353 2.420361 0.749404 -0.731809 -1.000000 17.468276 0.205811
 73902.003510 -2.069610 2.720109 -1.513602 2.686875 -1.052447 1.967152 0.670445 -0.723763 -1.000000 17.290624 0.208894
 73902.203510 -1.832007 2.808251 -1.121671 2.684181 -1.061279 2.275055 0.739031 -0.670805 -1.000000 16.440443 0.211107
 73902.403510 -1.428810 2.723463 -1.319122 2.997530 -1.792402 2.657004 0.617898 -0.408437 -1.000000 14.814255 0.212520
 73902.603510 -2.032474 2.877344 -1.556688 2.686640 -0.926382 2.450639 0.594129 -0.672421 -1.000000 16.473642 0.213974
 73902.803510 -1.829927 2.519138 -1.521672 2.692769 -1.002800 2.709207 0.661147 -0.591974 -1.000000 15.284553 0.215624
 73903.003510 -1.554712 2.713433 -1.498295 2.854199 -1.155160 2.268837 0.634424 -0.505432 -1.000000 15.797145 0.217047
 73903.203510 -1.700549 2.847482 -1.491932 2.945524 -1.373778 2.301060 0.594426 -0.581033 -1.000000 15.463147 0.218501
 73903.403510 -2.677454 2.872763 -1.337384 2.682685 -1.431577 2.299458 0.749100 -0.735928 -1.000000 17.602404 0.221004
 73903.603510 -2.723279 2.585376 -0.994507 2.441712 -1.149970 2.811475 0.869817 -0.735545 -1.000000 17.593464 0.224082
 73903.803510 -2.361120 2.810447 -1.294620 2.743958 -1.314083 2.449461 0.719172 -0.724329 -1.000000 17.342110 0.227026
 73904.003510 -2.698138 2.807438 -0.939058 2.675466 -1.412787 2.624669 0.824267 -0.739461 -1.000000 17.685214 0.230224
 73904.203510 -2.516410 3.112019 -1.660300 2.633926 -1.539239 2.467430 0.684184 -0.719168 -1.000000 17.271874 0.233123
 73904.403510 -1.996435 2.702989 -1.161059 2.361846 -1.176693 2.749588 0.747272 -0.673688 -1.000000 16.508745 0.235636
 73904.603510 -2.087712 2.867397 -1.021059 2.460931 -1.654649 2.055317 0.763157 -0.734839 -1.000000 17.614165 0.238089
 73904.803510 -2.375892 -3.097831 -1.143148 2.291470 -1.500235 2.248303 0.776582 -0.734946 -1.000000 17.616650 0.241512
 73905.003510 -2.144184 3.066103 -0.953094 2.608093 -1.468282 2.744767 0.752981 -0.714662 -1.000000 17.187773 0.244558
 73905.203510 -2.543500 -2.943388 -1.090200 2.490170 -1.469704 2.850069 0.776234 -0.728496 -1.000000 17.468396 0.247502
 73905.403510 -2.025043 -3.074813 -1.224358 2.969591 -1.550390 2.302738 0.657190 -0.701426 -1.000000 16.968904 0.250372
 73905.603510 -2.436911 2.965340 -0.794295 2.653512 -1.195400 2.288387 0.840971 -0.746396 -1.000000 17.883190 0.253264
 73905.803510 -2.274962 3.027260 -0.943827 2.591280 -1.110953 2.401983 0.773011 -0.733386 -1.000000 17.580289 0.256630
 73906.003510 -2.232596 3.083640 -0.879563 2.563052 -1.294145 2.751973 0.800924 -0.725818 -1.000000 17.409192 0.259744
 73906.203510 -2.347380 -3.141403 -0.680359 2.668919 -1.583696 2.996906 0.829328 -0.741203 -1.000000 17.799453 0.262851
 73906.403510 -2.468283 -2.829404 -1.302573 2.457928 -1.191604 2.708291 0.715575 -0.716267 -1.000000 17.254932 0.265836
 73906.603510 -2.702953 2.588307 -0.853983 2.525770 -1.021194 2.551115 0.841344 -0.742670 -1.000000 17.833126 0.268876
 73906.803510 -2.580240 2.648954 -1.376172 2.717676 -1.160654 2.583405 0.666186 -0.725470 -1.000000 17.440626 0.272107
 73907.003510 -2.388239 2.798791 -1.498610 2.908733 -1.238949 2.460432 0.615262 -0.719468 -1.000000 17.316286 0.275169
 73907.203510 -2.638650 2.944292 -1.343225 2.872859 -1.078172 2.837038 0.635961 -0.724049 -1.000000 17.410147 0.278049
 73907.403510 -2.460317 3.016625 -1.918300 2.827403 -1.063371 2.401020 0.581299 -0.718772 -1.000000 17.302670 0.280784
 73907.603510 -2.176824 2.752359 -1.411688 2.778885 -1.595724 2.629897 0.595701 -0.697740 -1.000000 16.942432 0.283100
 73907.803510 -2.130520 2.800398 -1.578081 2.781729 -1.029532 2.837055 0.508076 -0.677241 -1.000000 16.596519 0.285730
 73908.003510 -2.188431 3.014925 -2.020252 2.889707 -1.120251 2.722955 0.458263 -0.681577 -1.000000 16.676213 0.287602
 73908.203510 -2.125225 2.592888 -1.624997 3.096376 -1.223602 2.805862 0.457746 -0.677154 -1.000000 16.637630 0.289771
 73908.403510 -1.842357 2.775520 -2.025030 2.860009 -0.774718 2.328939 0.415820 -0.625260 -1.000000 15.388910 0.291283
 73908.603510 -1.254585 2.653795 -1.551829 3.051641 -0.970190 2.731933 0.492530 -0.311611 -1.000000 14.896461 0.292503
 73908.803510 -1.416004 3.058483 -2.041697 3.089098 -1.051953 2.602426 0.516920 -0.366187 -1.000000 14.430771 0.293483
 73909.003510 -1.295744 2.637645 -1.282329 3.005253 -0.950076 2.681596 0.582062 -0.343448 -1.000000 14.543116 0.294461
 73909.203510 -1.386904 2.949462 -1.654967 -3.114197 -1.446197 2.675295 0.484855 -0.355769 -1.000000 14.459894 0.295660
 73909.403511 -1.399600 2.823368 -1.699164 3.072021 -1.172229 2.632776 0.521270 -0.361403 -1.000000 14.438154 0.296626
 73909.603511 -1.524218 2.863460 -1.286758 -3.015174 -1.036551 2.742520 0.481756 -0.456072 -1.000000 15.526610 0.297662
 73909.803511 -1.472280 2.920950 -1.588093 -3.090672 -0.868152 2.577738 0.474174 -0.407103 -1.000000 14.791507 0.298679
 73910.003511 -1.353941 2.981970 -1.301149 -2.935880 -1.057507 2.675772 0.549493 -0.364905 -1.000000 14.431674 0.299804
 73910.203511 -1.078109 3.025937 -1.423999 -2.786298 -1.452466 2.740451 0.555189 -0.276191 -1.000000 15.257774 0.300971
 73910.403511 -1.517703 2.712674 -1.337235 3.007560 -0.996946 2.561210 0.598342 -0.457932 -1.000000 15.544402 0.302267
 73910.603511 -1.519754 2.388393 -1.145408 3.065277 -1.249832 2.442339 0.653002 -0.503112 -1.000000 15.780687 0.303400
 73910.803511 -1.133636 2.390466 -0.892678 2.936235 -1.410690 2.684058 0.740218 -0.324280 -1.000000 14.775637 0.304587
 73911.003511 -1.328059 2.570375 -1.116397 2.578169 -1.187552 2.467664 0.741546 -0.386780 -1.000000 14.570886 0.305641
 73911.203511 -1.303854 2.715839 -1.072077 2.676406 -0.845034 2.464697 0.752107 -0.383571 -1.000000 14.546165 0.306629
 73911.403511 -1.007199 2.618511 -1.486835 3.029183 -1.479203 2.623016 0.724419 -0.267993 -1.000000 15.269503 0.307661
 73911.603511 -1.428417 2.410882 -1.128014 2.635890 -1.160877 2.446760 0.757893 -0.444272 -1.000000 15.419817 0.308721
 73911.803511 -1.322876 2.796154 -1.273375 3.000104 -1.117498 2.733879 0.607875 -0.352327 -1.000000 14.533876 0.309841
 73912.003511 -1.929240 2.709718 -1.199231 2.876599 -1.023868 2.876156 0.602165 -0.658074 -1.000000 16.201299 0.311360
 73912.203511 -1.460426 2.704720 -1.538530 3.066354 -1.215387 2.457300 0.659674 -0.416880 -1.000000 14.990058 0.312616
 73912.403511 -1.245121 2.852883 -1.228531 3.055017 -1.097861 2.549236 0.702572 -0.333805 -1.000000 14.677698 0.313701
 73912.603511 -1.176402 2.410282 -1.161362 2.745648 -0.979517 2.734224 0.809347 -0.309520 -1.000000 14.945416 0.314734
 73912.803511 -1.238368 2.627214 -1.162894 2.853274 -0.974692 2.676773 0.703851 -0.331451 -1.000000 14.700764 0.315812
 73913.003511 -1.518222 2.572820 -0.882774 3.067433 -1.569241 2.907124 0.628437 -0.527282 -1.000000 15.954798 0.317273
 73913.203511 -1.401812 2.816571 -1.496349 2.916423 -1.044681 2.649606 0.633716 -0.371227 -1.000000 14.491985 0.318526
 73913.403511 -1.299336 2.248363 -1.124684 2.709495 -0.623512 2.472999 0.786034 -0.376245 -1.000000 14.506123 0.319631
 73913.603511 -1.292928 2.545281 -1.074352 2.857850 -1.089824 2.837925 0.758145 -0.360090 -1.000000 14.499828 0.320619
 73913.803511 -1.216524 2.376110 -1.148269 3.006556 -1.358367 2.728187 0.738993 -0.324641 -1.000000 14.771730 0.321631
 73914.003511 -1.462806 2.668237 -1.401004 2.559940 -1.161087 3.060752 0.721986 -0.409913 -1.000000 14.870862 0.322822
 73914.203511 -1.241933 2.341262 -1.080069 2.668266 -0.813900 2.776914 0.779446 -0.338018 -1.000000 14.649744 0.323900
 73914.403511 -1.148646 2.468806 -1.107701 2.894862 -1.148704 2.653588 0.763216 -0.308357 -1.000000 14.961442 0.324960
 73914.603511 -1.240476 2.535734 -0.901961 3.106461 -1.343586 2.942882 0.736961 -0.364188 -1.000000 14.519139 0.325974
 73914.803511 -1.443728 2.360835 -1.043523 3.017049 -1.077620 2.507455 0.747000 -0.465177 -1.000000 15.609965 0.326977
 73915.003511 -1.156923 2.125822 -1.202454 2.876591 -1.008903 2.645872 0.820460 -0.302998 -1.000000 15.024039 0.328029
 73915.203511 -1.259912 2.599945 -1.475028 2.808652 -0.885985 2.590673 0.736971 -0.320254 -1.000000 14.824489 0.329202
 73915.403511 -1.084334 2.537953 -1.228501 2.722990 -0.984874 2.394636 0.836309 -0.296039 -1.000000 15.101456 0.330286
 73915.603511 -1.054981 2.723562 -1.187690 2.386932 -0.830379 2.564007 0.853043 -0.283567 -1.000000 15.215585 0.331386
 73915.803511 -0.913032 2.288585 -1.117655 2.485100 -0.961418 2.439108 0.901237 -0.281075 -1.000000 15.232739 0.332448
 73916.003511 -1.552813 2.629416 -1.341540 2.813364 -0.786582 2.398038 0.723462 -0.500670 -1.000000 15.768011 0.333558
 73916.203511 -1.311878 2.355153 -1.077733 2.672653 -1.144140 2.662007 0.827010 -0.369711 -1.000000 14.523172 0.334673
 73916.403511 -0.974804 2.663038 -1.237980 2.726107 -1.420580 2.783786 0.804829 -0.269874 -1.000000 15.270256 0.335736
 73916.603511 -1.152018 2.976136 -1.541389 2.543857 -1.168174 2.319821 0.762280 -0.299402 -1.000000 15.064838 0.336823
 73916.803511 -1.374273 2.920723 -1.379143 2.510709 -1.503221 2.488419 0.737899 -0.375280 -1.000000 14.540582 0.337884
 73917.003511 -1.457944 3.069420 -1.520368 2.895476 -1.373171 2.803078 0.660427 -0.388547 -1.000000 14.634802 0.338980
 73917.203511 -1.346348 2.884608 -1.117678 2.565778 -1.265357 2.751010 0.787489 -0.374578 -1.000000 14.537653 0.339989
 73917.403511 -1.256973 2.729136 -1.276950 2.517269 -1.397278 2.632213 0.781421 -0.326669 -1.000000 14.756353 0.340956
 73917.603511 -1.009409 2.510147 -1.347197 2.441069 -1.237721 2.798872 0.796074 -0.268910 -1.000000 15.270157 0.342040
 73917.803511 -0.866334 2.520702 -1.552043 2.732738 -1.251793 3.107314 0.819115 -0.263708 -1.000000 15.260912 0.343212
 73918.003511 -1.111843 2.170480 -1.238342 2.784158 -1.368322 3.079804 0.825198 -0.293236 -1.000000 15.130460 0.344338
 73918.203511 -1.024332 2.387941 -1.426801 2.580987 -1.068608 2.678951 0.829118 -0.269386 -1.000000 15.314614 0.345497
 73918.403511 -1.135783 2.111049 -1.095915 2.547386 -1.501273 2.583010 0.843527 -0.306044 -1.000000 15.038640 0.346717
 73918.603511 -1.284644 2.573215 -1.304743 2.287400 -1.131564 2.576536 0.770605 -0.334310 -1.000000 14.713615 0.347851
 73918.803511 -1.059442 2.605089 -1.285715 2.748618 -1.458403 2.734639 0.817210 -0.278295 -1.000000 15.298173 0.348905
 73919.003511 -1.262415 2.822920 -1.475317 2.657453 -1.220627 2.792171 0.730904 -0.312920 -1.000000 14.954637 0.349970
 73919.203511 -1.072410 2.187897 -1.079515 2.463203 -1.239932 2.615284 0.892863 -0.291480 -1.000000 15.200452 0.351065
 73919.403511 -1.272221 2.208032 -1.793481 2.546719 -1.006443 2.350695 0.724911 -0.327267 -1.000000 14.787183 0.352112
 73919.603511 -1.434851 2.138474 -1.317370 2.393684 -0.924460 2.526675 0.788644 -0.406213 -1.000000 14.869220 0.353200
 73919.803511 -1.133533 2.397532 -1.380885 2.554704 -1.122330 2.315201 0.809212 -0.303682 -1.000000 15.066996 0.354189
 73920.003511 -1.361600 2.531055 -1.364746 2.592588 -1.294260 2.256850 0.753560 -0.405296 -1.000000 14.854623 0.355436
 73920.203511 -1.032723 2.228288 -1.278261 2.755910 -1.332418 2.428574 0.839779 -0.282230 -1.000000 15.276525 0.356473
 73920.403511 -1.132937 2.421810 -1.389313 2.393271 -1.148872 2.313957 0.801474 -0.301969 -1.000000 15.089137 0.357532
 73920.603511 -1.204965 2.195890 -1.142043 2.388839 -1.474598 2.040986 0.862625 -0.391473 -1.000000 14.719583 0.358619
 73920.803511 -1.248619 2.584038 -1.349763 2.059645 -1.084996 2.244928 0.762612 -0.345593 -1.000000 14.633329 0.359671
 73921.003511 -1.144794 2.433055 -1.276375 2.421822 -1.723274 2.411578 0.837027 -0.306792 -1.000000 15.032205 0.360824
 73921.203511 -1.367852 2.515010 -1.236587 2.133090 -1.455306 1.999000 0.742924 -0.479190 -1.000000 15.713505 0.361978
 73921.403511 -1.327662 2.614989 -1.282333 2.498550 -2.469865 2.283247 0.777823 -0.415604 -1.000000 15.080260 0.363125
 73921.603511 -1.560157 2.595932 -1.049711 2.743167 -2.613780 2.551294 0.779541 -0.561482 -1.000000 15.838458 0.364372
 73921.803511 -1.009698 2.550514 -1.642253 2.603220 -2.494978 2.961309 0.776120 -0.269393 -1.000000 15.314773 0.365795
 73922.003511 -1.564582 2.468005 -1.724948 2.440349 -2.064457 2.557918 0.716903 -0.458793 -1.000000 15.627495 0.366961
 73922.203511 -1.726028 2.395659 -1.387435 2.634068 -2.047435 2.876517 0.675307 -0.565527 -1.000000 15.772135 0.368062
 73922.403511 -2.212708 2.559829 -1.202899 2.507019 -1.522898 2.754042 0.637285 -0.708602 -1.000000 17.174046 0.370177
 73922.603511 -2.414796 2.870098 -1.603056 2.879484 -2.419586 2.828008 0.629592 -0.718518 -1.000000 17.340509 0.372821
 73922.803511 -2.575134 2.682546 -1.548315 2.711529 -2.095008 2.909339 0.710548 -0.722249 -1.000000 17.410764 0.375525
 73923.003511 -2.498943 2.519092 -1.300860 2.822877 -2.279015 3.099350 0.659656 -0.732160 -1.000000 17.618107 0.378482
 73923.203511 -2.235710 2.637256 -1.333995 2.488413 -2.291942 2.526354 0.708252 -0.716846 -1.000000 17.310594 0.381366
 73923.403511 -2.292988 2.736872 -0.966640 2.591694 -2.201095 2.623630 0.785787 -0.732883 -1.000000 17.634026 0.384502
 73923.603511 -2.308893 2.624958 -1.214188 2.829049 -2.568961 2.602033 0.726786 -0.728882 -1.000000 17.547026 0.387429
 73923.803511 -2.166125 2.573053 -1.112906 2.796709 -2.567479 2.713280 0.722990 -0.720858 -1.000000 17.383958 0.390208
 73924.003511 -1.891431 2.703683 -1.219636 2.534089 -2.420007 2.657982 0.735278 -0.662428 -1.000000 16.355562 0.392118
 73924.203511 -1.644981 2.822348 -1.384715 2.699380 -2.840263 2.680178 0.651491 -0.555650 -1.000000 15.922622 0.393719
 73924.403511 -1.284705 2.898430 -1.669363 2.475209 -2.476202 2.482073 0.725294 -0.338486 -1.000000 14.688300 0.394919
 73924.603511 -1.340152 2.588063 -1.305302 2.530142 -2.332411 2.794121 0.763555 -0.369248 -1.000000 14.571736 0.396157
 73924.803511 -1.149308 2.451225 -1.759154 2.504797 -2.407208 2.714215 0.747774 -0.288272 -1.000000 15.230605 0.397324
 73925.003511 -1.189559 2.487342 -1.365355 2.439144 -2.437669 2.494727 0.777105 -0.319453 -1.000000 14.881624 0.398491
 73925.203511 -1.267694 2.840170 -1.935659 2.612253 -2.678231 2.579738 0.678022 -0.328865 -1.000000 14.779039 0.399645
 73925.403511 -1.133991 2.413703 -1.129795 2.498109 -2.519114 2.423275 0.813466 -0.326888 -1.000000 14.799660 0.400715
 73925.603511 -1.448516 2.519227 -1.425530 2.517664 -2.116431 2.615984 0.712333 -0.412931 -1.000000 15.060686 0.401789
 73925.803511 -1.057704 2.617370 -1.718980 3.003944 -2.538606 2.712248 0.545710 -0.275870 -1.000000 15.307632 0.402966
 73926.003511 -1.468103 2.746091 -1.993128 2.754489 -2.286030 2.777338 0.612674 -0.401758 -1.000000 14.873051 0.404020
 73926.203511 -1.206113 2.533745 -1.785154 2.779656 -2.206040 2.377474 0.656792 -0.316204 -1.000000 14.924962 0.405170
 73926.403511 -1.034194 2.503093 -1.583217 2.665204 -2.358216 2.759354 0.798833 -0.271675 -1.000000 15.315314 0.406263
 73926.603511 -1.269580 2.733301 -2.035348 2.592300 -2.380774 2.687943 0.698407 -0.320357 -1.000000 14.878251 0.407340
 73926.803511 -1.462325 2.741173 -2.050368 2.997487 -2.531579 3.023400 0.426477 -0.417496 -1.000000 15.192222 0.408472
 73927.003511 -0.985331 2.939794 -2.143072 2.690094 -2.110789 2.593582 0.747357 -0.265159 -1.000000 15.306593 0.409606
 73927.203511 -1.420502 2.730959 -2.041430 2.398484 -2.604720 2.530703 0.688871 -0.397301 -1.000000 14.861393 0.410657
 73927.403511 -1.174960 2.723416 -2.020160 2.362071 -2.467058 2.436456 0.716884 -0.303507 -1.000000 15.073879 0.411731
 73927.603511 -1.139016 2.832139 -2.100879 2.630724 -2.356289 2.526044 0.668786 -0.291456 -1.000000 15.202816 0.412821
 73927.803511 -1.556859 3.013048 -2.558917 2.690729 -2.574662 2.404376 0.632670 -0.540855 -1.000000 16.021696 0.414037
 73928.003511 -1.068639 2.279026 -1.861858 2.342192 -2.267284 2.586696 0.728525 -0.273713 -1.000000 15.313065 0.415236
 73928.203511 -1.397042 2.462999 -2.100101 2.426415 -2.416884 2.775051 0.581939 -0.369680 -1.000000 14.615365 0.416401
 73928.403511 -1.551413 2.619844 -2.004847 2.502909 -2.377791 2.714247 0.471235 -0.449519 -1.000000 15.635475 0.417605
 73928.603511 -1.398118 2.893087 -2.514060 2.533268 -2.561235 2.459600 0.614550 -0.429329 -1.000000 15.389908 0.418650
 73928.803511 -0.959595 2.628610 -2.401860 2.726855 -2.769742 2.707071 0.573122 -0.270797 -1.000000 15.366933 0.419838
 73929.003511 -1.004405 2.935967 -2.617568 2.660495 -2.593195 2.723486 0.440686 -0.282263 -1.000000 15.327453 0.420973
 73929.203511 -1.325111 2.515246 -2.213889 2.242099 -2.198542 2.685324 0.527602 -0.338107 -1.000000 14.721537 0.422139
 73929.403511 -1.032996 2.595172 -2.262627 2.287890 -2.304744 2.730554 0.672490 -0.270931 -1.000000 15.366942 0.423293
 73929.603511 -1.119632 2.785109 -2.590997 2.474760 -2.705060 2.887441 0.557673 -0.304506 -1.000000 15.100666 0.424442
 73929.803511 -1.408173 2.684653 -1.658126 2.692968 -2.604004 2.901211 0.602099 -0.386457 -1.000000 14.729251 0.425595
 73930.003511 -1.203688 2.721642 -1.891131 2.093349 -2.445492 2.713200 0.760773 -0.296587 -1.000000 15.194897 0.426658
 73930.203511 -1.235557 2.583915 -1.671248 1.949520 -2.383571 2.225869 0.789593 -0.339307 -1.000000 14.741382 0.427773
 73930.403512 -1.337148 2.266119 -1.470804 2.062284 -2.761823 2.591769 0.793577 -0.365306 -1.000000 14.617948 0.428889
 73930.603512 -1.316753 2.274741 -1.200460 1.918840 -2.443019 2.892666 0.819384 -0.362100 -1.000000 14.618467 0.430174
 73930.803512 -1.793008 2.327550 -1.268056 2.129423 -2.553101 2.473403 0.775460 -0.635320 -1.000000 15.679560 0.431582
 73931.003512 -2.019353 2.630094 -1.743700 2.145977 -2.701307 2.957127 0.693943 -0.665733 -1.000000 16.479255 0.433177
 73931.203512 -2.418786 2.306698 -1.139416 2.277941 -3.027492 2.581198 0.815804 -0.737562 -1.000000 17.745800 0.435719
 73931.403512 -2.817980 2.607432 -1.407560 2.207400 -2.752647 2.212328 0.852269 -0.741848 -1.000000 17.839857 0.439141
 73931.603512 -2.647676 2.551001 -1.373994 2.451452 -2.648906 2.774012 0.770499 -0.731263 -1.000000 17.608791 0.442368
 73931.803512 -2.310088 2.855509 -1.740883 2.402410 -2.625201 2.808866 0.675081 -0.709016 -1.000000 17.203455 0.445463
 73932.003512 -2.472710 2.712502 -1.619678 2.121587 -2.588861 2.804555 0.732861 -0.719009 -1.000000 17.366003 0.447868
 73932.203512 -2.951491 2.605732 -1.054531 2.254807 -2.588161 2.437733 0.938357 -0.740029 -1.000000 17.834109 0.450988
 73932.403512 -2.136773 2.530754 -1.360215 2.391450 -2.768521 2.504226 0.736485 -0.712269 -1.000000 17.292217 0.454237
 73932.603512 -1.653719 2.691657 -1.457739 2.214987 -2.549709 2.280449 0.734774 -0.583222 -1.000000 15.446227 0.456872
 73932.803512 -1.896362 3.026365 -1.705553 2.792258 -2.740373 2.699482 0.644742 -0.637825 -1.000000 15.749959 0.458334
 73933.003512 -2.224797 2.654777 -1.253380 2.707453 -2.547228 2.688952 0.703350 -0.719236 -1.000000 17.409323 0.460416
 73933.203512 -1.611065 2.731746 -1.357580 2.773312 -2.375414 2.466510 0.707059 -0.544422 -1.000000 16.010242 0.462435
 73933.403512 -1.187201 2.690917 -1.518228 2.724104 -2.579484 2.741067 0.736352 -0.306457 -1.000000 15.127001 0.463556
 73933.603512 -1.398540 2.593262 -1.235128 2.257851 -2.023493 2.662203 0.791860 -0.397102 -1.000000 14.861257 0.464853
 73933.803512 -1.167086 2.287403 -1.430225 2.465880 -2.474118 3.066654 0.800376 -0.305083 -1.000000 15.144509 0.466036
 73934.003512 -1.623825 2.561179 -1.690447 2.733500 -2.616413 2.975695 0.626801 -0.511026 -1.000000 15.911825 0.467215
 73934.203512 -1.293744 2.452545 -1.140891 2.745570 -2.144792 2.808143 0.737425 -0.363763 -1.000000 14.617566 0.468307
 73934.403512 -1.379928 2.670342 -1.472876 2.382780 -1.789663 2.627632 0.611944 -0.363593 -1.000000 14.617595 0.469547
 73934.603512 -1.222712 2.563685 -1.594924 2.982325 -2.689798 2.736699 0.492168 -0.318222 -1.000000 14.975163 0.470740
 73934.803512 -1.550595 2.244755 -1.664354 2.738420 -2.039287 2.770085 0.416130 -0.443737 -1.000000 15.593628 0.471958
 73935.003512 -1.239442 2.489995 -1.155458 2.635710 -2.338158 2.412319 0.769740 -0.364832 -1.000000 14.617710 0.472994
 73935.203512 -1.263735 2.614682 -1.309457 2.646347 -2.334836 2.552012 0.747650 -0.346846 -1.000000 14.681419 0.474045
 73935.403512 -1.381773 2.377190 -1.344246 2.610876 -2.354394 2.484670 0.702263 -0.406214 -1.000000 15.002356 0.475142
 73935.603512 -1.176304 2.572912 -2.070349 2.510397 -2.234824 2.615674 0.674277 -0.294565 -1.000000 15.269328 0.476306
 73935.803512 -1.385167 2.101457 -1.100210 2.556208 -2.244652 2.929211 0.653685 -0.415006 -1.000000 15.152424 0.477480
 73936.003512 -1.045812 2.297101 -1.440531 2.820544 -2.874309 2.637127 0.794044 -0.283715 -1.000000 15.367058 0.478826
 73936.203512 -1.443438 2.371471 -1.409958 2.248384 -1.871265 2.866174 0.707575 -0.392704 -1.000000 14.805205 0.480078
 73936.403512 -1.245072 2.770521 -1.506966 2.769439 -2.615267 2.665182 0.726057 -0.327664 -1.000000 14.889353 0.481241
 73936.603512 -1.337728 2.434648 -1.148961 2.602283 -2.376701 2.702037 0.729790 -0.391100 -1.000000 14.785915 0.482339
 73936.803512 -1.212020 2.533098 -1.543956 2.783122 -2.381949 2.554363 0.677419 -0.315884 -1.000000 15.042082 0.483529
 73937.003512 -0.959873 2.588175 -1.467964 2.759408 -2.363736 2.690845 0.761633 -0.266361 -1.000000 15.446688 0.484682
 73937.203512 -1.223987 2.763427 -1.387454 2.548767 -2.171532 2.301774 0.779961 -0.343154 -1.000000 14.725989 0.485787
 73937.403512 -1.542566 2.716732 -1.342652 2.116146 -1.658894 2.417851 0.756179 -0.478092 -1.000000 15.796927 0.486904
 73937.603512 -1.205647 2.872525 -1.429551 1.990512 -1.480679 2.158601 0.799454 -0.333926 -1.000000 14.816751 0.488279
 73937.803512 -1.368313 2.897908 -1.217231 2.289958 -1.670881 2.663525 0.780421 -0.375048 -1.000000 14.650401 0.489355
 73938.003512 -1.497401 2.953195 -1.451354 2.832832 -2.246484 2.787902 0.682410 -0.435372 -1.000000 15.487667 0.490705
 73938.203512 -1.639638 -3.013292 -1.000835 2.475402 -2.159075 2.777214 0.755473 -0.567904 -1.000000 15.749498 0.492067
 73938.403512 -1.208147 3.110248 -1.235739 2.352208 -1.901985 2.714481 0.784315 -0.311514 -1.000000 15.102180 0.493361
 73938.603512 -1.259626 2.720546 -1.055873 2.603698 -2.315534 2.567847 0.799066 -0.370396 -1.000000 14.645930 0.494445
 73938.803512 -1.374809 2.396290 -1.134400 2.582020 -2.381303 2.717659 0.770156 -0.412197 -1.000000 15.146473 0.495742
 73939.003512 -1.454042 2.902883 -1.740264 2.563992 -2.491209 2.699131 0.648220 -0.400690 -1.000000 14.949934 0.496982
 73939.203512 -1.092008 2.848563 -2.027967 2.284228 -2.231863 2.585053 0.733232 -0.276681 -1.000000 15.453806 0.498227
 73939.403512 -1.675891 2.964587 -1.607684 2.401440 -2.648747 2.628755 0.654844 -0.539613 -1.000000 16.062628 0.499582
 73939.603512 -1.235656 3.112502 -1.704978 2.715434 -2.506578 2.790762 0.671174 -0.309739 -1.000000 15.126380 0.500867
 73939.803512 -1.611661 -3.079250 -1.946354 2.183866 -2.164724 2.645385 0.675333 -0.462864 -1.000000 15.779183 0.502179
 73940.003512 -1.158663 2.723692 -1.228224 2.500185 -2.252879 2.693993 0.784917 -0.307514 -1.000000 15.156525 0.503386
