#! FIELDS time phi1 psi1 phi2 psi2 phi3 psi3 sum_abs ann.node-0 ann.node-1 WTMetaD.bias WTMetaD.acc
#! SET min_phi1 -pi
#! SET max_phi1 pi
#! SET min_psi1 -pi
#! SET max_psi1 pi
#! SET min_phi2 -pi
#! SET max_phi2 pi
#! SET min_psi2 -pi
#! SET max_psi2 pi
#! SET min_phi3 -pi
#! SET max_phi3 pi
#! SET min_psi3 -pi
#! SET max_psi3 pi
 40000.001900 -2.285522 2.237620 -1.199693 -0.500608 -1.126640 -0.376047 0.246199 -0.012559 0.999958 12.268692 1.000000
 40000.201900 -2.594872 1.812925 -0.873121 -0.260209 -1.738275 -0.149912 0.430062 -0.021971 0.999994 11.731466 0.000609
 40000.401900 -2.422449 2.353355 -1.615740 -0.224772 -1.307515 0.129098 0.230324 -0.012155 0.999603 12.335333 0.001241
 40000.601900 -2.201519 1.878921 -0.974241 -0.462770 -1.239882 -0.436356 0.303849 -0.034192 0.999984 10.827721 0.001883
 40000.801900 -1.582840 2.197682 -1.323355 -0.121192 -1.559628 0.209004 0.251145 -0.142168 0.999434 7.220927 0.002113
 40001.001900 -1.247626 2.374144 -1.414501 -0.194849 -1.826718 0.105447 0.288193 -0.278887 0.997923 9.545667 0.002239
 40001.201900 -1.992491 1.887664 -0.959849 -0.211439 -1.606531 -0.115250 0.338718 -0.068377 0.999981 8.185942 0.002380
 40001.401900 -1.987300 2.162189 -1.038341 -0.459613 -1.375767 -0.166124 0.268624 -0.042873 0.999971 10.098029 0.002670
 40001.601900 -1.861022 2.555859 -1.172156 -0.463109 -1.386748 -0.153960 0.216652 -0.038077 0.999899 10.516308 0.002956
 40001.801900 -1.763544 2.463111 -1.203996 -0.346838 -1.487481 -0.082326 0.228073 -0.062145 0.999864 8.602016 0.003085
 40002.001900 -1.991973 2.223836 -0.851761 -0.731708 -1.310896 -0.213481 0.291825 -0.036472 0.999987 10.639713 0.003285
 40002.201900 -1.477554 2.542237 -1.220651 -0.365722 -1.243750 -0.144436 0.251082 -0.142417 0.999668 7.197343 0.003594
 40002.401900 -1.468975 2.683850 -1.184095 -0.335926 -1.378425 0.020798 0.244534 -0.129813 0.999728 7.131642 0.003707
 40002.601900 -1.200801 2.349296 -1.064521 -0.228795 -1.184835 -0.381944 0.332892 -0.333785 0.999920 7.703060 0.003808
 40002.801900 -1.118863 2.492153 -1.235991 -0.107832 -1.225092 -0.027998 0.319198 -0.357315 0.999487 7.766533 0.003942
 40003.001900 -1.188211 2.482496 -1.073616 -0.298138 -1.139754 -0.174481 0.323537 -0.318242 0.999891 7.939660 0.004059
 40003.201900 -1.366636 2.683862 -1.100658 -0.084085 -1.636488 -0.246529 0.289899 -0.186547 0.999887 7.718042 0.004191
 40003.401900 -1.489472 2.662801 -1.244826 -0.155073 -1.015180 -0.327222 0.237059 -0.130712 0.999658 7.143071 0.004289
 40003.601900 -1.331385 2.559965 -1.316423 -0.063822 -1.260645 -0.103444 0.262690 -0.223719 0.999108 9.132630 0.004412
 40003.801900 -1.240383 2.666909 -1.076683 -0.650341 -0.795833 -0.547271 0.293952 -0.229225 0.999798 9.234075 0.004546
 40004.001900 -1.344471 2.697941 -1.179847 -0.352934 -1.231769 -0.196142 0.261809 -0.185281 0.999674 7.716742 0.004666
 40004.201900 -1.044437 2.800813 -1.240644 -0.701331 -0.844528 -0.565944 0.322977 -0.317761 0.998134 8.201245 0.004810
 40004.401900 -1.005533 2.621097 -1.251587 -0.261222 -1.357564 -0.122792 0.331216 -0.392953 0.999261 8.078946 0.004931
 40004.601900 -1.225537 2.352863 -0.961520 -0.800373 -1.089094 -0.126403 0.385302 -0.305122 0.999875 8.322964 0.005052
 40004.801900 -1.132264 2.621406 -1.026087 -0.453705 -1.365381 -0.309485 0.347323 -0.320241 0.999907 7.894525 0.005179
 40005.001900 -1.345505 2.779151 -1.239196 -0.266189 -1.294061 -0.113308 0.252389 -0.177460 0.999390 7.733867 0.005288
 40005.201900 -1.426875 2.624320 -1.043602 -0.366561 -1.548251 -0.094887 0.278695 -0.155385 0.999925 7.364998 0.005407
 40005.401900 -1.401041 2.798885 -1.205208 -0.515945 -1.319883 -0.263323 0.253584 -0.140627 0.999403 7.295639 0.005521
 40005.601900 -1.047126 2.738861 -1.163731 -1.001306 -1.295810 -0.128625 0.373859 -0.333579 0.995768 8.288558 0.005646
 40005.801900 -0.917457 2.726030 -1.287210 -0.428379 -1.643138 -0.154572 0.335570 -0.410121 0.998474 8.228603 0.005783
 40006.001900 -1.385535 2.554611 -1.117568 -0.720094 -1.629289 0.609202 0.305266 -0.134708 0.999729 7.215309 0.005902
 40006.201900 -1.090468 2.410283 -1.298244 -0.459967 -1.487004 -0.004685 0.316578 -0.362120 0.998649 7.927069 0.006035
 40006.401900 -1.542416 2.510449 -1.000624 -0.595257 -1.621386 -0.050271 0.273198 -0.115001 0.999939 7.245606 0.006172
 40006.601900 -1.068984 2.557089 -1.262745 -0.422676 -1.549623 -0.391126 0.299042 -0.355463 0.999223 7.795509 0.006300
 40006.801900 -0.959593 2.766126 -1.222495 -0.611273 -1.377983 0.045651 0.346301 -0.374459 0.998422 8.067974 0.006457
 40007.001900 -1.507613 2.906351 -1.044999 -0.604287 -1.821892 0.144944 0.255366 -0.088197 0.999839 7.489767 0.006593
 40007.201900 -1.012395 2.727834 -1.119130 -0.751336 -1.248971 -0.281206 0.345498 -0.362705 0.999251 7.840331 0.006712
 40007.401900 -1.104588 2.834031 -1.189432 -0.588041 -1.703642 0.123920 0.293339 -0.279006 0.998953 9.405550 0.006862
 40007.601900 -1.581929 2.915542 -1.292928 -0.597431 -1.102118 -0.199906 0.220637 -0.074054 0.998380 8.169127 0.006991
 40007.801900 -1.230538 2.681736 -0.953049 -0.523905 -1.473244 0.098428 0.324427 -0.247762 0.999939 9.702802 0.007146
 40008.001900 -1.485172 2.779188 -0.974527 -0.738865 -1.328762 -0.126049 0.265139 -0.109657 0.999891 7.246250 0.007282
 40008.201900 -0.798702 2.423926 -1.152690 -0.587770 -1.388388 0.073926 0.425659 -0.473201 0.999507 7.411348 0.007433
 40008.401900 -0.856544 2.620414 -1.143434 -0.439714 -1.479888 -0.143818 0.374972 -0.461786 0.999669 7.499393 0.007557
 40008.601900 -1.111764 2.397164 -1.077318 -0.518304 -1.164704 0.186930 0.353297 -0.354184 0.999823 7.698548 0.007670
 40008.801900 -0.867746 2.136544 -1.311644 -0.208218 -1.452875 -0.164715 0.378172 -0.445321 0.998721 7.855982 0.007791
 40009.001900 -1.776902 2.184823 -1.105308 -0.194927 -1.613614 -0.015103 0.268893 -0.086236 0.999944 7.656278 0.007923
 40009.201900 -1.575089 2.625190 -1.622293 -0.202446 -1.383381 -0.062196 0.184305 -0.107281 0.993292 8.094065 0.008042
 40009.401900 -1.345870 2.748944 -1.336040 -0.642252 -1.417337 -0.429043 0.208444 -0.161431 0.997357 7.932658 0.008212
 40009.601900 -1.657023 2.460389 -1.322475 -0.210812 -1.747280 -0.366851 0.218475 -0.088328 0.999647 7.639407 0.008337
 40009.801900 -1.150807 2.532531 -1.081017 -0.666460 -1.367906 -0.193202 0.326145 -0.314083 0.999726 8.068448 0.008466
 40010.001900 -1.303607 2.635512 -1.235621 -0.628422 -1.450817 0.253249 0.266740 -0.191454 0.998925 8.187016 0.008656
 40010.201900 -1.372261 2.502206 -1.458775 -0.320607 -1.298907 -0.433030 0.218939 -0.191244 0.997485 8.505603 0.008778
 40010.401900 -1.573334 2.536927 -1.368850 -0.305380 -1.412585 -0.291925 0.217513 -0.107348 0.999156 7.498115 0.008907
 40010.601900 -1.132804 2.408665 -0.974879 -0.662118 -1.174944 0.164772 0.353134 -0.345467 0.999904 7.663189 0.009056
 40010.801900 -1.030380 2.476800 -1.192239 -0.338600 -1.493166 0.026844 0.338194 -0.394041 0.999598 8.030627 0.009178
 40011.001900 -0.932346 2.090004 -0.942387 -0.381984 -1.459474 -0.244283 0.424024 -0.481307 0.999958 7.286219 0.009319
 40011.201900 -1.078517 2.534351 -1.211286 -0.743704 -1.299343 -0.068746 0.301483 -0.349017 0.998432 7.885807 0.009446
 40011.401900 -1.455724 2.405313 -1.144447 -0.357534 -1.559481 -0.411259 0.260722 -0.163660 0.999871 7.746465 0.009589
 40011.601900 -0.870040 2.371820 -1.076138 -0.700909 -1.026270 -0.424545 0.403527 -0.485319 0.999734 7.301658 0.009769
 40011.801900 -1.228828 2.440739 -1.006879 -0.537327 -1.190913 -0.298641 0.343599 -0.289539 0.999921 8.892134 0.009881
 40012.001900 -1.251288 2.666599 -1.019441 -0.783760 -1.181462 -0.235862 0.306355 -0.230981 0.999767 9.464923 0.010029
 40012.201900 -1.406443 2.746742 -1.195781 -0.209880 -1.490124 -0.002458 0.253693 -0.153419 0.999676 7.698535 0.010159
 40012.401900 -1.308530 2.795866 -1.086660 -0.589997 -1.305529 0.034428 0.270245 -0.183729 0.999708 8.107034 0.010302
 40012.601900 -1.398555 2.787990 -1.077348 -0.491322 -1.290073 -0.367847 0.273647 -0.142793 0.999851 7.589867 0.010464
 40012.801901 -1.450336 2.784738 -1.169294 -0.314759 -1.411429 -0.250930 0.241601 -0.127797 0.999747 7.502830 0.010573
 40013.001901 -1.892219 2.668907 -1.287708 -0.420902 -1.253763 -0.212951 0.190961 -0.031467 0.999751 11.200192 0.010704
 40013.201901 -1.037509 2.258556 -0.948624 -0.425262 -1.429575 0.332505 0.397171 -0.401468 0.999958 7.997325 0.010858
 40013.401901 -1.211861 2.684058 -1.107762 -0.385043 -1.657301 0.340550 0.308149 -0.237778 0.999818 9.740369 0.011013
 40013.601901 -1.520180 2.744279 -1.375505 -0.304911 -1.525454 0.197213 0.211720 -0.101402 0.998562 7.585468 0.011136
 40013.801901 -1.089363 2.696916 -1.208392 -0.545010 -1.522630 0.319731 0.300789 -0.294178 0.999161 8.856983 0.011275
 40014.001901 -1.082479 2.879548 -0.916886 -0.337261 -1.741967 -0.125172 0.360833 -0.322976 0.999955 7.843782 0.011441
 40014.201901 -1.137040 3.119778 -1.069257 -0.487119 -1.543788 0.118888 0.291741 -0.229096 0.999484 9.572584 0.011611
 40014.401901 -1.135610 -2.889081 -1.292850 -0.923772 -1.566204 0.397047 0.218667 -0.101519 0.945952 9.389472 0.012275
 40014.601901 -1.396143 -3.015430 -1.230970 -0.279938 -2.338787 0.662864 0.278261 -0.035724 0.998773 10.988901 0.012488
 40014.801901 -1.423679 2.839678 -0.802199 -0.604705 -2.077125 0.679958 0.321258 -0.098003 0.999984 7.455712 0.012837
 40015.001901 -1.390534 2.982615 -1.317652 -0.364138 -2.076105 0.685016 0.225521 -0.074211 0.998750 8.223895 0.013125
 40015.201901 -1.225169 -3.088686 -1.264672 0.053244 -2.770053 0.249045 0.347126 -0.164383 0.997905 8.025393 0.013244
 40015.401901 -1.343047 -2.977846 -1.273198 -0.344070 -1.829507 0.239931 0.217429 -0.095156 0.995631 7.951173 0.013382
 40015.601901 -1.394083 3.041536 -1.082581 -0.553071 -1.571533 0.045576 0.267813 -0.120809 0.999617 7.480397 0.013501
 40015.801901 -0.777184 2.697616 -1.009696 -0.581867 -1.517776 -0.245334 0.429449 -0.491080 0.999876 7.260144 0.013639
 40016.001901 -0.996254 2.267355 0.768244 -1.404091 -1.618443 -0.557822 0.763723 -0.919849 0.229552 8.744618 0.013820
 40016.201901 -1.562237 3.052391 -0.493803 -1.075657 -1.261769 -0.516573 0.330160 -0.723410 -0.732113 5.699683 0.014012
 40016.401901 -1.773028 3.100731 -1.207687 -0.089195 -1.827391 -0.197156 0.204774 -0.034574 0.999697 10.963381 0.014210
 40016.601901 -1.490360 2.968030 -1.288647 -0.315610 -1.239516 -0.644765 0.207539 -0.089214 0.999256 7.668503 0.014349
 40016.801901 -0.648076 2.593973 -1.149541 -0.524495 -1.156553 -0.231999 0.454561 -0.510692 0.999607 7.270581 0.014488
 40017.001901 -1.045350 2.718994 -0.950009 -0.563854 -1.628986 -0.463478 0.350579 -0.351432 0.999941 7.779042 0.014676
 40017.201901 -1.238502 2.652425 -1.135712 -0.673682 -1.218555 -0.378089 0.292408 -0.234880 0.999545 9.726594 0.014828
 40017.401901 -1.178366 2.758095 -1.399152 -0.596201 -1.333689 -0.095813 0.291478 -0.253431 0.993465 10.785508 0.014998
 40017.601901 -1.105691 2.500805 -1.304780 -0.399141 -1.172208 -0.683607 0.306375 -0.326883 0.999233 8.021923 0.015164
 40017.801901 -0.899156 2.416911 -1.319439 -0.302809 -1.322249 -0.356160 0.350169 -0.460916 0.998863 7.635892 0.015295
 40018.001901 -1.062603 2.346163 -1.165526 -0.541573 -1.583202 -0.414796 0.329439 -0.391722 0.999641 8.043780 0.015420
 40018.201901 -1.098760 2.571314 -1.357761 -0.469400 -1.323684 -0.211437 0.290543 -0.335782 0.997504 8.221355 0.015541
 40018.401901 -0.836508 2.206337 -0.922587 -0.564438 -1.413624 -0.092700 0.449314 -0.500598 0.999953 7.233345 0.015684
 40018.601901 -1.528015 2.285864 -0.936127 -0.557878 -1.422107 -0.519424 0.321156 -0.144142 0.999972 7.585511 0.015816
 40018.801901 -1.373469 2.488683 -0.893487 -1.029284 -1.078232 -0.300583 0.350124 -0.190769 0.999868 8.246997 0.015972
 40019.001901 -1.230991 2.474780 -1.050957 -0.337549 -1.567060 0.070445 0.346581 -0.284141 0.999911 9.233392 0.016132
 40019.201901 -1.272797 2.595849 -1.087374 -0.578084 -1.514946 0.210467 0.329103 -0.221850 0.999789 9.288427 0.016287
 40019.401901 -1.035233 2.205395 -0.928147 -0.464551 -1.407378 0.088385 0.400984 -0.434835 0.999959 7.871878 0.016447
 40019.601901 -1.201266 2.174176 -0.949464 -0.630046 -1.474843 0.224027 0.369281 -0.335892 0.999932 7.874741 0.016569
 40019.801901 -1.136731 2.388308 -0.989008 -0.659449 -1.721310 0.276445 0.376864 -0.331174 0.999903 7.914971 0.016718
 40020.001901 -1.350899 2.467584 -1.176571 -0.705069 -1.401600 0.022522 0.298929 -0.200583 0.999335 8.599280 0.016878
 40020.201901 -1.266340 2.299119 -1.089487 -0.759952 -1.125846 0.102608 0.337264 -0.277002 0.999606 9.543614 0.017010
 40020.401901 -1.095895 2.239661 -1.175063 -0.399365 -1.385918 -0.100222 0.335940 -0.394758 0.999631 8.192873 0.017137
 40020.601901 -0.927289 2.257237 -1.039980 -0.631967 -1.455269 0.038269 0.402670 -0.459320 0.999820 7.537691 0.017270
 40020.801901 -1.050945 2.445952 -1.421666 -0.347112 -1.267808 0.064003 0.302407 -0.373703 0.996486 8.541359 0.017410
 40021.001901 -1.372115 2.639045 -1.173259 -0.596150 -1.363810 -0.012636 0.248179 -0.169877 0.999508 7.990721 0.017531
 40021.201901 -1.602380 2.740866 -1.257716 -0.545982 -0.984230 -0.515107 0.200292 -0.073916 0.999504 8.152773 0.017665
 40021.401901 -1.397463 2.615347 -1.270435 -0.293426 -1.782699 0.270120 0.251866 -0.156598 0.999463 7.823089 0.017781
 40021.601901 -1.530868 2.905675 -1.371268 -0.313844 -1.489722 -0.011190 0.206345 -0.090911 0.998022 7.771820 0.017943
 40021.801901 -1.381866 2.451287 -0.850487 -0.616375 -1.499316 0.021191 0.336301 -0.201603 0.999976 8.669927 0.018058
 40022.001901 -1.671378 2.676514 -1.243635 -0.426703 -1.387240 -0.244052 0.204543 -0.066539 0.999691 8.529715 0.018213
 40022.201901 -1.191192 2.339267 -1.203522 -0.299947 -1.258937 -0.067550 0.309889 -0.331556 0.999618 7.952550 0.018364
 40022.401901 -1.416607 2.392128 -1.074299 -0.524577 -1.179174 -0.353958 0.278065 -0.184924 0.999890 8.227043 0.018507
 40022.601901 -1.607326 2.490836 -1.183281 -0.207975 -1.353109 -0.184963 0.265559 -0.104606 0.999857 7.515563 0.018636
 40022.801901 -1.000228 2.497386 -1.004074 -0.034045 -1.349043 -0.135745 0.435976 -0.443724 0.999944 7.742158 0.018777
 40023.001901 -1.259229 2.659445 -1.340206 0.682104 -2.259786 0.404399 0.400704 -0.253748 0.992696 10.929722 0.018959
 40023.201901 -1.356425 -3.126876 -1.787734 0.623756 -2.300306 0.836547 0.394387 -0.022265 0.864684 7.901680 0.019488
 40023.401901 -1.541574 2.962496 -1.552398 0.529691 -1.998482 0.471078 0.349859 -0.086261 0.977074 9.606221 0.019677
 40023.601901 -1.429989 -3.043109 -1.848186 1.303933 -2.720466 -0.208014 0.637239 -0.410384 -0.975874 15.264753 0.020183
 40023.801901 -1.373793 2.565462 -1.420239 1.117863 -2.672544 0.364648 0.630332 -0.792767 -0.999965 11.594498 0.020748
 40024.001901 -1.277867 2.802221 -1.773887 0.776594 -2.253121 0.347708 0.447024 -0.225354 0.841716 5.524854 0.021244
 40024.201901 -1.891778 2.673163 -1.545726 0.983004 -2.406827 0.398778 0.431964 -0.058437 0.960277 10.953284 0.021502
 40024.401901 -1.566538 2.643262 -1.551197 1.379382 -2.951953 0.572165 0.596559 -0.748820 -0.999992 10.435048 0.021832
 40024.601901 -1.288286 2.338454 -1.316016 1.164104 -2.576628 0.480094 0.598038 -0.814953 -0.999940 12.115604 0.022360
 40024.801901 -1.473368 2.576165 -1.225023 0.698406 -2.198470 0.313216 0.470624 -0.176291 0.998166 8.272859 0.022825
 40025.001901 -1.417885 2.411507 -1.410682 0.719382 -2.651077 0.893229 0.369069 -0.125814 0.994795 8.104523 0.022993
 40025.201901 -1.251797 2.459981 -1.346967 0.263388 -2.325437 0.833340 0.345889 -0.178187 0.999168 8.181066 0.023128
 40025.401901 -1.430421 2.573654 -1.742660 0.988032 -2.857835 1.027137 0.330043 -0.074673 0.887926 6.941308 0.023313
 40025.601901 -0.902648 1.677511 0.330357 0.606895 -3.019250 0.946665 1.004072 -0.685459 0.285719 8.483202 0.023612
 40025.801901 -1.375610 2.173500 -1.402340 1.169119 -2.969042 1.077917 0.525914 -0.729746 -0.999932 9.947204 0.023914
 40026.001901 -1.382186 2.291085 -1.056229 -0.439075 -1.549829 1.139742 0.333720 -0.079247 0.999962 7.996062 0.024129
 40026.201901 -1.300296 2.417498 -1.436857 -0.175304 -1.702117 0.678839 0.268086 -0.177394 0.998407 8.269667 0.024324
 40026.401901 -1.200041 2.657477 -1.121834 -0.767907 -0.997061 -0.153110 0.323090 -0.261608 0.999296 9.963474 0.024490
 40026.601901 -0.946210 2.628259 -1.294752 -0.018997 -2.050778 0.101255 0.368444 -0.408430 0.999042 8.281110 0.024639
 40026.801901 -1.496297 2.519968 -1.092490 -0.064773 -1.914797 0.696348 0.301745 -0.105712 0.999946 7.610592 0.024839
 40027.001901 -1.451371 2.368002 -1.142947 -0.003003 -1.903715 0.117550 0.339093 -0.187801 0.999873 8.299494 0.025011
 40027.201901 -1.101643 2.504377 -1.392480 -0.349723 -0.988404 -0.212717 0.303864 -0.351869 0.997407 8.239163 0.025180
 40027.401901 -1.207493 2.435702 -1.134106 -0.340067 -1.239522 0.012314 0.313573 -0.305308 0.999794 8.495195 0.025316
 40027.601901 -1.545643 2.389229 -1.195423 -0.332626 -1.475693 -0.301530 0.247211 -0.131486 0.999816 7.639108 0.025455
 40027.801901 -1.368973 2.886463 -1.399127 -0.478393 -1.171675 -0.392356 0.201707 -0.144485 0.996049 8.152141 0.025625
 40028.001901 -1.202257 3.029372 -1.204867 -0.557157 -1.333381 0.232609 0.256628 -0.193377 0.998202 8.665666 0.025758
 40028.201901 -1.352039 2.839673 -1.012710 -0.783187 -1.383185 -0.083727 0.293915 -0.156845 0.999736 7.905899 0.025904
 40028.401901 -0.997777 2.718841 -0.882880 -0.954695 -1.479144 -0.095693 0.382068 -0.384919 0.999846 8.110485 0.026044
 40028.601901 -1.429433 2.477563 -1.226179 -0.766617 -1.330947 0.148625 0.251115 -0.156636 0.998786 8.020223 0.026180
 40028.801901 -1.409220 2.693365 -1.358496 -0.712340 -1.625675 0.499085 0.213909 -0.116329 0.996602 7.975278 0.026351
 40029.001901 -1.041217 2.578808 -1.343858 -0.661376 -1.281568 0.324152 0.292503 -0.327349 0.995890 8.517353 0.026599
 40029.201901 -0.999594 2.347484 -0.897250 -0.963935 -1.253172 0.356181 0.418921 -0.405318 0.999863 8.159808 0.026783
 40029.401901 -1.066002 2.756437 -1.275084 -0.699828 -1.415163 0.331805 0.286187 -0.287978 0.996886 9.532199 0.026939
 40029.601901 -1.387531 2.914005 -1.344900 -0.602964 -1.726009 0.540111 0.212352 -0.097597 0.996846 8.028036 0.027157
 40029.801901 -1.156390 2.919996 -1.075195 -0.333914 -2.085029 0.317861 0.310030 -0.234626 0.999816 9.842064 0.027339
 40030.001901 -1.440186 2.729789 -0.884427 -0.455087 -1.824675 0.231386 0.307517 -0.132561 0.999975 7.664938 0.027505
 40030.201901 -1.583511 2.599580 -1.293654 -0.237623 -1.675219 -0.066428 0.222045 -0.099658 0.999560 7.815194 0.027671
 40030.401901 -1.192871 2.816877 -1.216389 -0.636525 -1.501650 0.465461 0.282694 -0.201319 0.998749 8.988054 0.027808
 40030.601901 -1.317240 2.773774 -1.180384 -0.559418 -1.259105 0.765945 0.271477 -0.117379 0.999609 7.778712 0.027969
 40030.801901 -1.371793 2.859203 -1.174455 -0.650511 -1.494205 0.945328 0.259039 -0.060537 0.999610 9.203304 0.028136
 40031.001901 -1.586240 2.762935 -1.149082 -0.347225 -1.751473 0.435156 0.242708 -0.069118 0.999857 8.662419 0.028262
 40031.201901 -1.787338 2.807702 -1.389982 -0.185108 -1.927003 0.024017 0.186881 -0.042443 0.999268 10.572949 0.028781
 40031.401901 -1.932264 2.646143 -0.970119 -0.670455 -1.280588 -0.324413 0.257906 -0.021740 0.999973 11.976821 0.029365
 40031.601901 -1.482070 2.888991 -1.296771 -0.537236 -1.648979 0.400982 0.222334 -0.085404 0.998540 8.164194 0.029528
 40031.801901 -1.410993 2.621509 -1.132908 -0.598340 -1.406037 0.081689 0.305440 -0.152807 0.999697 7.992257 0.029666
 40032.001901 -1.517982 2.784015 -1.091644 -0.750218 -1.368112 0.061151 0.248541 -0.095701 0.999655 7.846359 0.029799
 40032.201901 -1.555262 2.819960 -1.084957 -0.581283 -1.574342 0.056607 0.256967 -0.082953 0.999822 8.223586 0.029989
 40032.401901 -1.015197 2.369351 -1.107125 -0.439531 -1.555421 0.294525 0.381419 -0.390069 0.999811 8.145383 0.030162
 40032.601901 -1.126224 2.312535 -0.970390 -0.446659 -1.585658 0.307920 0.383603 -0.354593 0.999950 7.873635 0.030313
 40032.801901 -1.711116 2.546724 -1.181553 -0.455050 -1.492385 -0.209088 0.226528 -0.065004 0.999850 9.000752 0.030556
 40033.001901 -1.716777 2.477293 -1.190079 -0.587210 -1.151978 0.028739 0.255229 -0.068571 0.999763 8.814512 0.030689
 40033.201901 -1.359401 2.492115 -1.249885 -0.223887 -1.550748 0.153066 0.279441 -0.202680 0.999561 8.921732 0.030861
 40033.401901 -1.217104 2.589800 -1.063869 -0.580756 -1.338369 -0.107478 0.314091 -0.267260 0.999818 9.803207 0.031048
 40033.601901 -1.284683 2.224969 -1.106868 -0.702378 -1.182038 -0.321306 0.345926 -0.282619 0.999667 9.348912 0.031217
 40033.801902 -1.059488 2.444313 -1.087189 -0.638871 -1.338299 -0.248975 0.335088 -0.386191 0.999738 8.135490 0.031362
 40034.001902 -1.288566 2.288051 -0.967119 -0.618380 -1.291345 -0.171617 0.325222 -0.280967 0.999932 9.371080 0.031528
 40034.201902 -1.567048 2.202216 -1.109818 -0.428471 -1.189304 -0.160525 0.273529 -0.149986 0.999884 8.000980 0.031666
 40034.401902 -1.145731 2.662594 -1.418898 -0.547067 -1.422461 -0.168493 0.258846 -0.288066 0.994365 9.966573 0.031807
 40034.601902 -1.345473 2.410427 -0.854144 -0.911509 -1.298186 -0.040011 0.357955 -0.223549 0.999939 9.579451 0.031958
 40034.801902 -1.506319 2.502686 -0.748844 -0.963754 -1.459424 0.087081 0.350590 -0.132351 0.999975 7.899196 0.032098
 40035.001902 -1.580559 2.537542 -0.883470 -0.740688 -1.547282 0.126256 0.320051 -0.097957 0.999967 7.924777 0.032229
 40035.201902 -1.398197 2.885103 -1.372432 -0.287895 -1.925486 -0.096173 0.213385 -0.136879 0.997828 8.167843 0.032499
 40035.401902 -0.993358 2.629836 -1.417355 0.057723 -1.992497 -0.007291 0.333670 -0.393729 0.996893 8.623861 0.032660
 40035.601902 -1.601235 2.404269 -1.486019 0.147586 -2.354557 0.408959 0.233870 -0.108212 0.998261 8.051176 0.032802
 40035.801902 -1.549981 2.574459 -1.124865 -0.264239 -2.083559 -0.061379 0.274031 -0.110243 0.999905 7.864037 0.032930
 40036.001902 -1.198029 2.884643 -1.477182 -0.551898 -1.425758 0.172966 0.235184 -0.212283 0.986409 10.844997 0.033165
 40036.201902 -0.574312 2.450621 -1.020167 -0.189910 -2.661856 0.345645 0.545906 -0.416090 0.999958 8.086503 0.033315
 40036.401902 -1.571107 2.577104 -1.403203 -0.370905 -2.062047 -0.103140 0.200949 -0.101003 0.998770 8.031749 0.033471
 40036.601902 -1.414094 2.299975 -1.050600 -0.618681 -1.918399 0.096002 0.292696 -0.194014 0.999882 8.724778 0.033636
 40036.801902 -1.205699 2.058565 -1.010634 -0.316297 -2.039170 0.442637 0.364561 -0.308869 0.999942 8.456361 0.033835
 40037.001902 -1.567762 2.798115 -0.997127 -0.644747 -1.878588 0.021487 0.249094 -0.079640 0.999917 8.315578 0.033982
 40037.201902 -1.715474 2.429417 -0.793926 -0.468563 -2.103432 0.420183 0.322899 -0.066851 0.999992 8.880210 0.034312
 40037.401902 -1.536200 2.458383 -1.322287 -0.409391 -1.724939 -0.446865 0.213186 -0.119171 0.999435 7.928798 0.034455
 40037.601902 -1.466900 2.435648 -1.155920 -0.718356 -1.506186 -0.645240 0.244082 -0.134601 0.999729 7.950641 0.034629
 40037.801902 -1.929295 2.487476 -1.442026 -0.390103 -1.431742 -0.742214 0.210542 -0.028645 0.999639 11.610772 0.034929
 40038.001902 -1.688826 2.945308 -1.338938 -0.691685 -1.600144 -0.383299 0.175804 -0.047914 0.997790 10.386802 0.035251
 40038.201902 -1.836477 2.825431 -1.110816 -0.817924 -1.459607 -0.817544 0.195480 -0.019682 0.999877 12.209238 0.035622
 40038.401902 -1.063997 2.806305 -0.995326 -0.816415 -1.686325 -0.635440 0.322127 -0.302358 0.999806 8.702146 0.035940
 40038.601902 -1.526075 2.728313 -1.280928 -0.419080 -1.689529 -0.067243 0.238150 -0.101906 0.999320 8.005210 0.036094
 40038.801902 -1.724304 2.534481 -0.819524 -0.548221 -2.262437 0.395392 0.305898 -0.054782 0.999990 9.732245 0.036250
 40039.001902 -1.257182 2.602407 -1.217362 -0.099291 -2.299631 0.231513 0.300605 -0.237984 0.999688 10.069049 0.036434
 40039.201902 -1.502773 2.667477 -1.216718 -0.442140 -2.152235 0.006723 0.229608 -0.111277 0.999664 7.922638 0.036604
 40039.401902 -1.350602 2.392244 -1.290067 -0.274416 -2.253243 0.462656 0.280157 -0.187792 0.999535 8.615358 0.036766
 40039.601902 -1.115913 2.468012 -1.359501 -0.269586 -1.963277 0.134832 0.306992 -0.332373 0.998480 8.158263 0.036924
 40039.801902 -1.273232 2.621944 -1.053968 -0.927352 -1.527979 0.136579 0.330071 -0.215061 0.999403 9.463820 0.037071
 40040.001902 -1.338046 2.292339 -0.845925 -0.786254 -1.542450 0.127869 0.383231 -0.246472 0.999963 10.128123 0.037241
 40040.201902 -1.001903 2.405707 -1.243631 -0.619408 -1.305661 -0.293806 0.363793 -0.414426 0.998812 8.284208 0.037405
 40040.401902 -1.451244 2.358082 -1.139945 -0.328499 -1.899014 -0.006840 0.302081 -0.176562 0.999863 8.366491 0.037531
 40040.601902 -0.989669 2.282493 -1.434469 -0.161786 -2.038515 0.448737 0.345809 -0.341265 0.997555 8.240771 0.037700
 40040.801902 -1.039638 2.167142 -0.973548 -0.492472 -1.946677 -0.370217 0.385648 -0.440076 0.999948 7.796698 0.037840
 40041.001902 -0.935817 2.643018 -1.525438 -0.856649 -1.599483 -0.542093 0.273785 -0.386540 0.972138 11.611630 0.038088
 40041.201902 -0.940266 2.166119 -1.364045 -0.368538 -1.816843 -0.727755 0.365989 -0.425647 0.998787 8.181473 0.038400
 40041.401902 -0.879664 2.352178 -1.675185 -0.147624 -1.983858 -0.852960 0.329062 -0.416913 0.993066 9.163725 0.038600
 40041.601902 -1.105287 2.627551 -1.142989 -0.667429 -2.425337 -0.587093 0.314294 -0.298616 0.999685 8.903595 0.038793
 40041.801902 -1.430763 2.623362 -0.712915 -0.625497 -2.755847 -0.520508 0.335480 -0.142333 0.999992 7.971066 0.038953
 40042.001902 -1.540775 2.632938 -1.365028 -0.545569 -1.978737 -0.412707 0.219905 -0.098036 0.998761 8.104714 0.039088
 40042.201902 -1.015287 2.591727 -1.237021 -0.485164 -2.317540 -0.399879 0.334702 -0.373242 0.999405 8.100545 0.039261
 40042.401902 -1.253746 2.600932 -1.172452 -0.774219 -2.434471 -0.485817 0.291476 -0.216214 0.999408 9.581285 0.039431
 40042.601902 -1.253544 2.610927 -1.355382 -0.564468 -2.415405 -0.304482 0.274146 -0.224658 0.998029 10.063599 0.039577
 40042.801902 -0.936523 2.724285 -1.355013 -0.585706 -2.612082 -0.712694 0.295154 -0.364356 0.998167 8.222307 0.039759
 40043.001902 -1.250964 3.100437 -1.366499 -0.758338 -2.725052 -0.663136 0.194524 -0.146326 0.991944 8.973471 0.039908
 40043.201902 -1.095929 2.405359 -1.176528 -0.322766 -2.501471 -0.565299 0.322096 -0.356399 0.999833 7.922609 0.040078
 40043.401902 -1.431384 2.340791 -1.113064 -0.663769 -2.487362 -0.050234 0.283222 -0.175221 0.999802 8.371391 0.040237
 40043.601902 -1.820353 2.511314 -1.054971 -0.526375 -2.561763 -0.661050 0.243840 -0.034038 0.999973 11.315780 0.040414
 40043.801902 -1.322176 2.539799 -1.214973 -0.491271 -2.506616 -0.702974 0.253923 -0.181962 0.999770 8.500845 0.040603
 40044.001902 -1.453479 2.292598 -1.062537 -0.644087 -2.467524 -0.716415 0.269898 -0.152785 0.999931 8.107204 0.040758
 40044.201902 -1.591501 2.338002 -1.304512 -0.375966 -2.339932 -0.340811 0.234584 -0.113807 0.999629 8.133671 0.040899
 40044.401902 -2.309887 2.600509 -1.012618 -1.026722 -2.363587 -0.620505 0.245456 0.002808 0.999971 12.854313 0.041296
 40044.601902 -2.598084 2.582297 -1.272187 -0.718169 -2.537955 -0.461029 0.253296 0.005104 0.999961 12.853466 0.042160
 40044.801902 -2.391249 2.339448 -1.250959 -0.417553 -2.735759 -0.111108 0.262730 -0.004353 0.999967 12.783619 0.043017
 40045.001902 -2.732548 2.325006 -1.420877 -0.448657 -2.417138 -0.570923 0.288231 0.000525 0.999962 12.846784 0.043875
 40045.201902 -2.398986 2.131332 -1.052194 -0.763138 -2.425083 0.057256 0.304650 -0.008109 0.999978 12.691743 0.044721
 40045.401902 -2.370444 1.797955 -0.972202 -0.561982 -2.392850 -0.651411 0.342039 -0.018291 0.999989 12.285687 0.045416
 40045.601902 -2.142835 2.429115 -1.439025 -0.390691 -2.615564 -0.652696 0.187340 -0.012389 0.999849 12.565759 0.046101
 40045.801902 -2.776534 2.357379 -1.005760 -0.648169 -2.449268 -0.477159 0.360577 0.005087 0.999993 12.849151 0.046847
 40046.001902 -2.356190 2.429476 -1.410068 -0.128386 -2.496550 -0.416960 0.232127 -0.006378 0.999927 12.744690 0.047694
 40046.201902 -2.394905 2.493565 -1.468031 -0.439588 -1.976944 -0.722824 0.204141 -0.001063 0.999895 12.914887 0.048571
 40046.401902 -2.031574 1.991918 -1.076460 -0.857036 -1.379053 -1.005695 0.259755 -0.026611 0.999948 11.883576 0.049359
 40046.601902 -2.000395 1.983304 -1.128729 -0.838800 -1.452150 -0.369164 0.243274 -0.049239 0.999821 10.259737 0.049622
 40046.801902 -2.228614 2.298658 -1.610596 -0.219735 -1.459711 -0.331165 0.201216 -0.022670 0.999376 12.199923 0.050141
 40047.001902 -1.538829 2.436551 -1.499285 -0.366070 -1.526502 -0.310331 0.200694 -0.128742 0.997239 8.436158 0.050539
 40047.201902 -1.859002 1.767492 -0.951550 -0.477159 -1.451132 -0.004107 0.301860 -0.100493 0.999963 8.142785 0.050698
 40047.401902 -2.752939 2.260463 -1.301241 -0.600696 -1.148159 -0.015600 0.319302 -0.003751 0.999960 12.868329 0.051257
 40047.601902 -2.493501 1.835452 -0.966055 -0.383370 -1.303199 -0.737391 0.340991 -0.014277 0.999992 12.541349 0.052115
 40047.801902 -1.955199 2.071382 -1.130753 0.029480 -2.040282 -0.339995 0.284363 -0.060877 0.999956 9.457635 0.052681
 40048.001902 -1.575027 2.144881 -0.914077 -0.404341 -1.699401 -0.056232 0.320019 -0.159243 0.999977 8.283858 0.052877
 40048.201902 -1.223879 2.498665 -1.354867 -0.383136 -1.450309 -0.537027 0.253924 -0.264164 0.998768 10.268844 0.053053
 40048.401902 -1.172347 2.553749 -1.053202 -0.079036 -1.875537 -0.064463 0.343393 -0.322552 0.999921 8.114825 0.053241
 40048.601902 -1.375526 2.251132 -1.068892 -0.034106 -1.674302 0.084946 0.332453 -0.251485 0.999922 10.258311 0.053421
 40048.801902 -1.007891 2.530558 -1.052895 -0.569033 -1.215828 0.193682 0.359917 -0.390082 0.999826 8.145847 0.053619
 40049.001902 -0.876498 2.451739 -1.021840 -0.365324 -1.141382 -0.568098 0.398837 -0.482611 0.999942 7.292403 0.053748
 40049.201902 -1.080247 2.551039 -1.239149 -0.460569 -1.171028 -0.601081 0.293293 -0.340420 0.999446 7.972008 0.053876
 40049.401902 -1.056210 2.699796 -1.126142 -0.355051 -1.439438 -0.071188 0.329673 -0.353004 0.999736 7.924395 0.054080
 40049.601902 -1.133925 2.499762 -1.274194 -0.513756 -1.103232 0.309577 0.321249 -0.302515 0.998785 8.881063 0.054207
 40049.801902 -0.693312 2.293506 -0.906089 -0.486370 -1.356557 0.160748 0.490291 -0.482082 0.999968 7.291372 0.054356
 40050.001902 -1.290047 2.896219 -1.337672 -0.302438 -1.410313 0.057706 0.237113 -0.183311 0.997665 9.014036 0.054537
 40050.201902 -1.433220 2.730269 -1.153860 -0.465369 -1.274546 -0.062703 0.245074 -0.137302 0.999706 8.362466 0.054697
 40050.401902 -1.090142 2.539353 -0.993222 -0.638568 -1.381924 0.180845 0.350910 -0.345742 0.999887 7.893627 0.054915
 40050.601902 -0.958959 2.655696 -1.018549 -0.436852 -1.507769 0.113205 0.375977 -0.408505 0.999898 8.143744 0.055067
 40050.801902 -1.281615 2.683537 -0.983056 -0.334614 -1.316010 -0.464323 0.312746 -0.219959 0.999954 9.786051 0.055226
 40051.001902 -1.355064 2.706566 -0.946219 -0.486285 -0.953759 -0.289460 0.294647 -0.180796 0.999954 8.791668 0.055397
 40051.201902 -0.956832 2.739274 -1.157036 -0.122585 -1.572137 0.010452 0.365235 -0.404186 0.999677 8.193335 0.055530
 40051.401902 -0.979313 2.486480 -1.166177 -0.269542 -1.072088 -0.402317 0.348108 -0.432217 0.999753 7.941626 0.055656
 40051.601902 -1.029901 2.543650 -0.942920 -0.432194 -1.257244 -0.246128 0.378285 -0.407562 0.999957 8.138123 0.055842
 40051.801902 -1.083452 2.561980 -1.000657 -0.327659 -1.396406 -0.158671 0.355034 -0.371321 0.999937 8.003771 0.055974
 40052.001902 -0.936241 2.566303 -1.178931 -0.486984 -1.258738 -0.287322 0.359007 -0.434068 0.999526 7.953014 0.056117
 40052.201902 -1.221964 2.332106 -0.911964 -0.362445 -1.132194 -0.411911 0.352781 -0.326058 0.999976 8.046332 0.056259
 40052.401902 -1.167495 2.663892 -0.874455 -0.358217 -0.899381 -0.456248 0.352436 -0.303898 0.999979 8.660679 0.056467
 40052.601902 -1.068612 2.445090 -0.988318 -0.431971 -0.654457 -0.820397 0.376655 -0.365771 0.999964 7.991546 0.056605
 40052.801902 -1.130116 2.495954 -1.241974 -0.159269 -1.024227 -0.604595 0.317702 -0.335629 0.999643 7.979775 0.056727
 40053.001902 -1.571104 2.630398 -0.916149 -0.321496 -1.304304 -0.403772 0.284851 -0.098971 0.999980 8.210184 0.056907
 40053.201902 -1.216784 2.351328 -0.837803 -0.144821 -1.404063 -0.550703 0.378607 -0.334922 0.999989 7.935791 0.057065
 40053.401902 -1.467715 2.393199 -1.284479 -0.187092 -1.393261 -0.356339 0.268154 -0.168567 0.999587 8.664692 0.057257
 40053.601902 -1.143718 2.506863 -0.974750 -0.419352 -1.083866 -0.276899 0.349732 -0.341565 0.999948 7.903863 0.057417
 40053.801902 -0.891200 2.659373 -1.176279 -0.048362 -1.321286 -0.237842 0.376204 -0.457225 0.999665 7.706770 0.057524
 40054.001902 -1.643685 2.820551 -1.220706 -0.011618 -1.305015 -0.359511 0.223653 -0.072694 0.999757 8.856709 0.057689
 40054.201902 -1.670188 2.710702 -1.102153 -0.048229 -1.266042 -0.384844 0.247507 -0.071048 0.999933 9.033768 0.057863
 40054.401902 -1.311078 2.710941 -1.155114 0.165392 -1.564572 -0.175834 0.316959 -0.227796 0.999721 10.034727 0.058051
 40054.601902 -1.817060 2.886521 -1.239677 -0.134742 -1.239784 -0.589079 0.198423 -0.031232 0.999840 11.663209 0.058362
 40054.801903 -1.386080 2.768026 -1.210979 -0.396654 -1.154274 -0.372962 0.238496 -0.152200 0.999560 8.519842 0.058635
 40055.001903 -1.565808 2.583779 -1.112341 -0.084767 -1.648299 0.004308 0.273953 -0.112441 0.999913 8.269868 0.058786
 40055.201903 -1.877578 2.624916 -1.164404 -0.109937 -1.478722 -0.088684 0.236262 -0.037156 0.999930 11.235363 0.058958
 40055.401903 -2.245895 2.663827 -1.004601 -0.303068 -0.949553 -0.567599 0.264171 0.000290 0.999989 12.936540 0.059783
 40055.601903 -1.518779 2.577008 -1.175117 -0.079649 -1.495267 -0.300259 0.265793 -0.129472 0.999849 8.335765 0.060369
 40055.801903 -1.034828 2.470031 -1.009450 -0.427757 -0.942874 -0.140011 0.365734 -0.413263 0.999921 8.233595 0.060525
 40056.001903 -1.048760 2.610617 -0.952974 -0.374417 -1.231855 -0.355067 0.364933 -0.384525 0.999958 8.159081 0.060697
 40056.201903 -1.115631 2.729679 -1.206986 -0.356340 -1.088644 -0.323513 0.291475 -0.310449 0.999452 8.531607 0.060857
 40056.401903 -0.890043 2.472201 -0.911902 -0.464196 -1.281801 0.303441 0.428205 -0.450118 0.999967 7.805806 0.061040
 40056.601903 -1.029698 2.582266 -1.030903 -0.510420 -1.363173 0.094209 0.354813 -0.381160 0.999875 8.276738 0.061168
 40056.801903 -1.473178 3.030742 -1.259200 -0.483614 -1.293626 0.184811 0.206334 -0.090857 0.998395 8.586343 0.061332
 40057.001903 -1.314045 2.611068 -1.121360 -0.434594 -1.216564 0.198122 0.281688 -0.204210 0.999790 9.339943 0.061489
 40057.201903 -1.051461 2.483311 -1.360445 -0.035296 -1.705607 0.668256 0.346068 -0.281052 0.998902 9.734543 0.061730
 40057.401903 -1.067068 2.346679 -1.031783 -0.343971 -1.310211 0.183806 0.369734 -0.394149 0.999918 8.361612 0.061865
 40057.601903 -1.352101 2.668344 -1.246231 -0.329888 -1.242362 0.056308 0.254816 -0.183083 0.999397 8.907016 0.061994
 40057.801903 -1.063918 2.697171 -1.129982 -0.490523 -1.263436 0.091738 0.325352 -0.337376 0.999627 8.037533 0.062153
 40058.001903 -1.379044 2.698738 -1.147354 -0.327862 -1.115476 -0.346480 0.256862 -0.167528 0.999800 8.632704 0.062312
 40058.201903 -0.967678 2.474275 -1.195770 -0.528042 -0.788575 -0.174750 0.358075 -0.431114 0.999363 8.225715 0.062456
 40058.401903 -1.110223 2.733780 -1.301809 -0.333109 -1.605357 -0.143604 0.282224 -0.307709 0.998609 8.740803 0.062574
 40058.601903 -1.444762 2.595472 -1.063689 -0.671191 -0.954389 -0.034008 0.265056 -0.145407 0.999817 8.544787 0.062761
 40058.801903 -1.090363 2.627038 -1.241559 0.220156 -1.604312 -0.111676 0.379992 -0.370977 0.999177 8.285145 0.062913
 40059.001903 -1.445792 2.873335 -1.404766 -0.432854 -0.874441 -0.452057 0.192793 -0.117230 0.997047 8.653975 0.063082
 40059.201903 -1.058799 2.571722 -1.087167 -0.395032 -1.160684 -0.303536 0.335627 -0.375955 0.999848 8.231499 0.063239
 40059.401903 -1.324466 2.689960 -1.221149 -0.297817 -0.972238 -0.404175 0.260757 -0.195134 0.999600 9.227328 0.063433
 40059.601903 -1.155347 2.581760 -1.295737 -0.070893 -1.414376 -0.130917 0.323353 -0.321837 0.999099 8.288759 0.063613
 40059.801903 -1.534011 2.761198 -1.627392 0.017498 -1.220139 -0.172357 0.190401 -0.117476 0.990544 9.286686 0.063791
 40060.001903 -1.294180 2.727966 -1.716806 0.183050 -1.412030 0.179775 0.245104 -0.220789 0.971802 12.433169 0.064136
 40060.201903 -1.379421 2.651577 -1.611744 0.025250 -1.583002 0.675982 0.256764 -0.127149 0.993304 9.111228 0.064376
 40060.401903 -1.572731 2.134102 -1.287143 -0.061624 -1.449985 0.078927 0.264921 -0.163522 0.999526 8.771404 0.064596
 40060.601903 -1.464622 1.955538 -1.167694 -0.288892 -1.166705 -0.047278 0.288346 -0.234944 0.999711 10.281017 0.064811
 40060.801903 -1.287266 1.989946 -1.206834 -0.528284 -0.800642 -0.364610 0.301111 -0.316091 0.999296 8.394771 0.064998
 40061.001903 -1.205444 2.008208 -1.249278 -0.168720 -1.377564 -0.287583 0.322755 -0.363673 0.999346 8.185839 0.065201
 40061.201903 -0.937010 2.003735 -1.395408 -0.484787 -1.157245 -0.315808 0.344449 -0.412093 0.995143 9.101512 0.065355
 40061.401903 -1.409628 2.035869 -1.064192 -0.579977 -1.247017 -0.248028 0.303241 -0.248843 0.999838 10.370111 0.065526
 40061.601903 -1.285925 1.988177 -0.916920 -0.588719 -1.266851 -0.437941 0.343600 -0.332113 0.999955 8.025880 0.065683
 40061.801903 -1.164270 2.094681 -1.015355 -0.308277 -1.347678 -0.325316 0.357321 -0.392965 0.999933 8.353532 0.065824
 40062.001903 -1.163359 2.213109 -1.405745 -0.115239 -1.212048 -0.463226 0.290093 -0.361959 0.998131 8.353105 0.065993
 40062.201903 -1.212011 2.051425 -1.167767 -0.290912 -1.411356 -0.321326 0.332782 -0.359132 0.999710 8.219575 0.066166
 40062.401903 -1.241387 2.083533 -1.334018 -0.470474 -1.112295 -0.074828 0.299409 -0.323090 0.997810 8.529849 0.066342
 40062.601903 -1.378700 2.584580 -1.274299 -0.346819 -1.445106 -0.650909 0.237518 -0.163500 0.999595 8.762462 0.066585
 40062.801903 -1.372118 2.854713 -1.427960 -0.792367 -0.838302 -0.513669 0.204330 -0.138247 0.988310 9.699545 0.066762
 40063.001903 -1.503356 2.680559 -1.323699 -0.748589 -1.570519 0.280197 0.222588 -0.100914 0.997301 8.617545 0.067000
 40063.201903 -1.684762 2.539897 -1.284856 -0.981947 -0.965958 -0.369793 0.230537 -0.070695 0.997245 9.358606 0.067239
 40063.401903 -1.235729 2.632146 -1.105518 -0.911415 -1.632278 -0.032522 0.281348 -0.236434 0.999002 10.411874 0.067431
 40063.601903 -1.069407 2.224110 -1.050015 -0.860453 -1.371706 -0.382206 0.400897 -0.407456 0.999606 8.488531 0.067648
 40063.801903 -1.134408 2.233493 -1.288133 -0.454704 -1.510901 -0.174805 0.310142 -0.367086 0.998834 8.427446 0.067808
 40064.001903 -1.158031 2.207298 -1.291249 -0.560078 -1.060949 -0.267475 0.333191 -0.357532 0.998404 8.402741 0.068022
 40064.201903 -0.795397 2.323803 -1.157868 -0.444963 -1.596045 0.307916 0.442544 -0.428532 0.999674 8.273132 0.068170
 40064.401903 -0.920006 2.609907 -0.959489 -0.864479 -1.494114 -0.086796 0.399432 -0.439889 0.999799 8.047002 0.068323
 40064.601903 -1.501758 2.717290 -1.003288 -0.977629 -1.721187 0.329429 0.285351 -0.096952 0.999701 8.386870 0.068488
 40064.801903 -1.327326 2.551839 -0.908612 -0.760481 -1.740741 0.322031 0.322705 -0.194916 0.999944 9.223308 0.068665
 40065.001903 -0.916305 2.436295 -1.162825 -0.387247 -1.796017 0.573203 0.400910 -0.358126 0.999763 8.332980 0.068849
 40065.201903 -0.290615 1.712710 0.111874 -1.218375 -1.641251 0.152073 0.894890 -0.657812 0.058608 7.663900 0.068996
 40065.401903 -1.397685 2.832850 -0.844848 -0.863421 -1.872607 0.554842 0.317150 -0.113669 0.999951 8.319521 0.069189
 40065.601903 -1.202554 2.907987 -1.252934 -0.885048 -1.601194 0.429999 0.301699 -0.181397 0.993822 9.731480 0.069362
 40065.801903 -0.909812 2.588310 -0.830546 -0.996230 -1.613232 0.208348 0.476984 -0.505195 0.999634 7.304496 0.069906
 40066.001903 -1.047582 2.628545 -0.963230 -0.816385 -1.573175 0.046821 0.403145 -0.360015 0.999829 8.339122 0.070072
 40066.201903 -1.082530 2.561935 -1.012310 -0.489694 -1.560523 -0.291240 0.351639 -0.360207 0.999916 8.458758 0.070273
 40066.401903 -1.024856 2.436931 -1.222195 -0.370309 -1.338666 -0.347700 0.344370 -0.407019 0.999515 8.632039 0.070450
 40066.601903 -1.116713 2.613065 -0.781214 -0.950467 -1.586907 0.055975 0.410236 -0.336304 0.999949 8.325427 0.070610
 40066.801903 -0.880184 2.381029 -0.726704 -0.873277 -1.769037 -0.062563 0.479911 -0.652510 0.999230 6.863988 0.070735
 40067.001903 -1.418715 2.390116 -0.747060 -0.861140 -1.425757 -0.189812 0.372105 -0.191768 0.999981 9.149587 0.070932
 40067.201903 -1.370402 2.327267 -1.070917 -0.511547 -1.425288 0.053144 0.315938 -0.220764 0.999874 9.933420 0.071188
 40067.401903 -1.381447 2.286268 -1.055332 -0.276712 -1.513811 -0.042529 0.311248 -0.234015 0.999926 10.235064 0.071383
 40067.601903 -1.384082 2.367840 -0.856918 -0.829527 -1.109793 -0.273848 0.348280 -0.209548 0.999958 9.602953 0.071646
 40067.801903 -1.339113 2.572328 -1.107760 -0.522029 -1.357698 -0.438196 0.265716 -0.192582 0.999835 9.186895 0.071881
 40068.001903 -1.031068 2.655058 -1.317845 -0.548420 -1.349521 -0.287347 0.296831 -0.359061 0.997668 8.786894 0.072115
 40068.201903 -1.173093 2.051514 -0.877059 -0.853757 -0.993238 -0.636052 0.380568 -0.375435 0.999941 8.686894 0.072325
 40068.401903 -1.102040 2.194398 -1.079821 -0.472286 -1.295308 -0.350812 0.361722 -0.403072 0.999849 8.676819 0.072470
 40068.601903 -0.981635 2.524409 -1.275764 -0.551541 -1.094559 -0.254812 0.332761 -0.410650 0.998533 8.806922 0.072606
 40068.801903 -0.802890 2.482832 -1.023884 -0.301586 -1.667196 -0.393513 0.424469 -0.508508 0.999940 7.251957 0.072791
 40069.001903 -1.024193 2.679929 -1.021133 -0.660148 -1.334999 0.069286 0.362474 -0.365895 0.999804 8.646011 0.072928
 40069.201903 -1.022537 2.423814 -0.955646 -0.776793 -1.358342 0.436316 0.430459 -0.370193 0.999893 8.663205 0.073093
 40069.401903 -1.073658 2.691892 -1.361016 0.048964 -1.894393 0.161894 0.319534 -0.335130 0.997978 8.711605 0.073244
 40069.601903 -0.922717 2.375315 -1.067684 -0.321979 -1.822001 -0.142408 0.393765 -0.469237 0.999897 7.527396 0.073443
 40069.801903 -1.158562 2.531014 -1.273087 -0.509858 -1.455825 -0.400587 0.279036 -0.301478 0.999027 9.093057 0.073628
 40070.001903 -1.028091 2.841806 -1.481533 -0.344517 -1.667536 -0.090716 0.295811 -0.327960 0.991235 9.615429 0.073848
 40070.201903 -0.917120 2.772840 -1.131881 -0.266218 -2.227695 0.482454 0.370578 -0.345234 0.999794 8.582459 0.074028
 40070.401903 -1.668046 2.924823 -1.199950 -0.389603 -2.284301 0.267110 0.209077 -0.046089 0.999740 10.602323 0.074236
 40070.601903 -0.643342 2.361942 -0.600021 -0.842223 -2.111810 0.225829 0.587149 -0.890812 -0.599159 8.136987 0.074379
 40070.801903 -1.201522 2.482737 -0.320991 -1.008705 -1.721837 -0.322641 0.522870 -0.833922 -0.355238 6.075196 0.074597
 40071.001903 -1.034983 2.078468 0.430537 -1.561516 -1.415003 -0.117410 0.752909 -0.914455 0.090835 10.132731 0.075053
 40071.201903 -1.425642 3.078270 -0.850839 -0.959589 -1.579080 -0.073557 0.273445 -0.110158 0.999837 8.324568 0.075209
 40071.401903 -1.530439 -2.971613 -1.951798 0.026774 -1.836627 -0.305648 0.146899 -0.073670 0.877388 6.953664 0.075519
 40071.601903 -1.427941 2.648407 -1.276479 0.021390 -2.135906 -0.142230 0.257996 -0.161550 0.999516 8.751207 0.075783
 40071.801903 -1.063984 2.501102 -1.308130 -0.117780 -1.685060 -0.280705 0.320730 -0.382242 0.999124 8.886664 0.076088
 40072.001903 -1.059164 2.635878 -1.344367 -0.162536 -1.652338 -0.667837 0.291306 -0.340206 0.999068 8.670070 0.076233
 40072.201903 -1.080958 2.375642 -1.055489 -0.486150 -1.531257 -0.430450 0.346189 -0.385793 0.999895 8.832095 0.076400
 40072.401903 -1.229873 2.449679 -1.157884 -0.451756 -1.523461 -0.050195 0.306000 -0.281872 0.999704 9.785407 0.076544
 40072.601903 -0.965763 2.261311 -0.946759 -0.526663 -1.197986 -0.173616 0.408776 -0.471837 0.999947 7.484628 0.076704
 40072.801903 -1.361172 2.493608 -1.177899 -0.408459 -1.437654 0.033994 0.271890 -0.200109 0.999710 9.381327 0.076868
 40073.001903 -0.997421 2.734509 -1.456066 -0.552028 -1.427210 -0.046420 0.276112 -0.355268 0.990217 10.109405 0.077085
 40073.201903 -0.901483 2.621331 -1.452574 -0.407182 -0.871465 -0.641842 0.303459 -0.417517 0.996259 9.097620 0.077308
 40073.401903 -1.411642 2.373350 -1.156788 -0.309279 -1.302233 0.067293 0.287437 -0.197376 0.999813 9.299427 0.077531
 40073.601903 -1.368449 2.563436 -1.357651 -0.247982 -1.367198 0.119282 0.244158 -0.188146 0.998694 9.249997 0.077742
 40073.801903 -1.157268 2.522606 -1.485617 0.106492 -2.030902 0.282028 0.310879 -0.302528 0.995597 9.695398 0.077931
 40074.001903 -1.484360 2.496655 -1.365017 -0.495214 -1.631079 0.107966 0.217316 -0.135624 0.998456 8.630147 0.078119
 40074.201903 -0.906637 2.477541 -1.106472 -0.948097 -1.578972 0.615174 0.377177 -0.352820 0.999039 8.860061 0.078398
 40074.401903 -0.589317 2.430427 -1.513326 -0.369197 -1.820254 0.503768 0.419361 -0.289322 0.994582 10.227370 0.078620
 40074.601903 -1.019576 2.569785 -1.320193 -0.689602 -1.264977 0.188406 0.325815 -0.356071 0.996101 9.313215 0.078819
 40074.801903 -1.537385 2.752468 -1.456638 -0.571975 -1.423188 0.016797 0.178172 -0.096099 0.994831 8.979725 0.079086
 40075.001903 -1.391338 2.304611 -0.886193 -0.808533 -1.317542 0.339434 0.355728 -0.201892 0.999949 9.425739 0.079268
 40075.201903 -1.299315 2.393388 -0.945807 -0.649769 -1.738146 0.760099 0.331376 -0.182868 0.999960 9.046721 0.079481
 40075.401903 -0.925433 1.953380 -1.059789 -0.536487 -1.482988 0.399001 0.409785 -0.322684 0.999771 8.737282 0.079676
 40075.601903 -1.210770 2.378859 -1.161344 -0.320795 -1.817223 -0.326524 0.302580 -0.307852 0.999799 8.982362 0.079865
 40075.801903 -1.105120 2.267232 -0.975934 -0.673125 -1.792545 0.037880 0.371782 -0.384505 0.999905 8.833043 0.080008
 40076.001904 -0.974504 2.548217 -1.249105 -0.401247 -2.494555 0.408328 0.351463 -0.352902 0.999442 8.799960 0.080178
 40076.201904 -1.334044 2.216901 -1.250264 -0.193788 -2.253829 -0.191225 0.303093 -0.263789 0.999631 10.296706 0.080349
 40076.401904 -0.846023 2.090439 -1.328529 -0.578519 -1.811499 -0.322279 0.412238 -0.443434 0.997316 8.416758 0.080517
 40076.601904 -0.987314 2.034976 -1.087236 -0.562224 -1.796055 -0.182565 0.381646 -0.440166 0.999734 8.104735 0.080716
 40076.801904 -1.451306 2.332497 -1.234011 -0.579654 -1.577540 -0.032757 0.247393 -0.172598 0.999388 8.983461 0.080891
 40077.001904 -0.746568 2.217714 -1.217456 -0.498347 -1.764390 -0.065153 0.422147 -0.461584 0.999276 7.747966 0.081059
 40077.201904 -1.094311 2.474879 -1.296192 -0.549808 -1.782986 -0.078056 0.308937 -0.347234 0.998424 9.040694 0.081185
 40077.401904 -0.921030 2.466000 -1.007102 -0.698277 -1.558183 0.001288 0.412997 -0.452660 0.999845 7.824172 0.081344
 40077.601904 -0.888035 2.386224 -1.147546 -0.619394 -1.296480 -0.432765 0.410274 -0.471363 0.999594 7.547490 0.081471
 40077.801904 -1.043245 2.003998 -0.816607 -0.651706 -1.766544 -0.289110 0.442792 -0.457996 0.999975 7.702170 0.081595
 40078.001904 -1.170708 2.181382 -1.162560 -0.777730 -1.705174 0.267639 0.363774 -0.321795 0.999048 8.940422 0.081804
 40078.201904 -0.675736 2.572269 -1.000736 -0.741658 -2.211492 0.658454 0.474614 -0.373766 0.999895 8.990092 0.081993
 40078.401904 -0.669195 2.413575 -1.381398 -0.567174 -2.302551 1.170991 0.424581 -0.048291 0.999006 10.544118 0.082183
 40078.601904 -1.221445 2.334585 -1.243555 -0.501950 -1.956363 0.497051 0.308781 -0.248915 0.999423 10.498436 0.082457
 40078.801904 -1.136885 2.282208 -1.294012 -0.440048 -1.896192 0.036833 0.305354 -0.348979 0.998885 9.079032 0.082670
 40079.001904 -1.077356 2.482810 -1.288723 -0.355272 -2.668612 0.671238 0.318012 -0.261607 0.999500 10.393488 0.082869
 40079.201904 -1.155364 2.535727 -1.127384 -0.557767 -2.439010 0.753112 0.316458 -0.214175 0.999840 9.777452 0.083055
 40079.401904 -1.290956 2.716814 -1.301018 -0.547976 -2.398383 0.631022 0.248974 -0.142246 0.998982 8.750373 0.083292
 40079.601904 -0.896040 2.661124 -1.311339 -0.460703 -2.497683 0.503774 0.340684 -0.339598 0.998770 9.062230 0.083510
 40079.801904 -1.020760 2.354793 -1.408984 -0.413337 -2.221461 0.323180 0.312564 -0.354923 0.997358 9.331873 0.083701
 40080.001904 -1.013293 2.230033 -0.917048 -0.518877 -2.559063 0.331434 0.410117 -0.406173 0.999970 8.740601 0.083899
 40080.201904 -1.006247 2.198356 -0.951729 -0.648873 -2.249345 0.815583 0.408071 -0.286357 0.999958 9.713903 0.084089
 40080.401904 -1.557506 2.221404 -1.176201 -0.214628 -2.496563 0.544201 0.277194 -0.117811 0.999897 8.456939 0.084317
 40080.601904 -1.567519 2.083843 -1.071561 -0.692744 -2.056100 0.079598 0.271478 -0.151522 0.999839 8.726066 0.084489
 40080.801904 -1.090960 2.269072 -1.258504 -0.618214 -2.519389 0.243130 0.313688 -0.346452 0.998927 9.103210 0.084729
 40081.001904 -1.260197 2.301470 -1.378765 -0.596112 -2.296820 0.611481 0.266478 -0.202145 0.997940 9.712282 0.084962
 40081.201904 -0.874828 2.368648 -1.185000 -0.433732 -2.446255 0.666656 0.399754 -0.329355 0.999759 8.938725 0.085181
 40081.401904 -1.313332 2.585072 -0.865665 -0.907154 -2.148474 0.357603 0.348891 -0.192218 0.999940 9.212302 0.085384
 40081.601904 -1.334194 2.413764 -1.034696 -0.363437 -2.747617 0.737129 0.321591 -0.163835 0.999962 8.818342 0.085575
 40081.801904 -1.645561 2.547555 -1.061704 -0.770967 -1.949356 0.203735 0.283219 -0.072380 0.999864 9.024207 0.085733
 40082.001904 -1.414954 2.547960 -0.989105 -0.593638 -2.412653 0.669075 0.313258 -0.121124 0.999957 8.471869 0.085916
 40082.201904 -1.205591 2.672182 -1.352644 -0.498915 -2.474436 0.358658 0.270000 -0.220110 0.998110 10.198543 0.086230
 40082.401904 -1.076270 2.335642 -1.159325 -0.545360 -2.539177 0.383191 0.351160 -0.338196 0.999709 8.952155 0.086446
 40082.601904 -1.393037 2.601189 -0.991328 -0.781854 -2.330347 0.086615 0.321925 -0.157073 0.999886 8.854148 0.086630
 40082.801904 -1.272072 2.370436 -0.997529 -0.658867 -2.426521 0.733683 0.381320 -0.193007 0.999943 9.253386 0.086824
 40083.001904 -1.274589 2.459020 -0.904924 -0.751097 -2.408062 0.361105 0.350061 -0.231076 0.999955 10.203332 0.087047
 40083.201904 -0.941608 2.649868 -1.223049 -0.600424 -2.467763 -0.020495 0.343081 -0.397930 0.999067 9.112621 0.087306
 40083.401904 -1.051107 2.423993 -1.003033 -0.899398 -2.134745 -0.047324 0.375904 -0.385423 0.999725 9.091920 0.087540
 40083.601904 -1.012134 2.280045 0.157116 -1.730229 -2.145733 0.287301 0.715736 -0.899175 -0.211247 9.213331 0.087738
 40083.801904 -0.986527 2.688220 -1.250212 -0.560604 -2.267913 -0.290708 0.323918 -0.373821 0.998934 9.229229 0.087947
 40084.001904 -1.393623 2.459148 -0.710575 -0.891634 -2.172607 -0.307477 0.358007 -0.187257 0.999986 9.148055 0.088176
 40084.201904 -1.327936 2.804413 -1.058370 -0.790992 -2.109154 0.025455 0.288533 -0.164153 0.999637 9.034381 0.088429
 40084.401904 -1.216898 2.642413 -1.220720 -0.521285 -2.316150 0.461359 0.299257 -0.212473 0.999470 9.888797 0.088599
 40084.601904 -1.358494 2.400846 -0.966346 -0.462611 -2.384479 0.373792 0.321491 -0.198902 0.999965 9.484728 0.088847
 40084.801904 -1.225033 2.199432 -0.966572 -0.350117 -2.276795 0.266558 0.368356 -0.318319 0.999963 8.976069 0.089044
 40085.001904 -1.498343 2.178862 -1.016786 -0.474023 -2.254829 0.705080 0.326438 -0.124834 0.999961 8.660679 0.089237
 40085.201904 -1.113836 2.481634 -1.308058 -0.738399 -2.541570 0.595619 0.291967 -0.252565 0.998008 10.731913 0.089445
 40085.401904 -1.307367 2.552255 -1.326048 -0.665737 -2.163133 0.562190 0.255869 -0.163180 0.998255 9.196845 0.089698
 40085.601904 -1.394344 2.344299 -1.047411 -0.469346 -2.697454 0.924077 0.313173 -0.111314 0.999962 8.561480 0.089873
 40085.801904 -1.179929 2.401964 -1.017732 -0.570665 -2.400036 0.425644 0.343580 -0.283409 0.999924 9.813739 0.090100
 40086.001904 -1.200472 2.512262 -1.154664 -0.712633 -2.265454 0.428874 0.295385 -0.242465 0.999523 10.498356 0.090348
 40086.201904 -1.300602 2.478171 -1.134564 -0.937049 -2.023072 0.137953 0.304376 -0.214629 0.998888 10.105842 0.090576
 40086.401904 -1.796521 2.369538 -0.974101 -0.697141 -2.355940 -0.044729 0.259072 -0.054421 0.999967 10.043029 0.090808
 40086.601904 -1.276796 2.435654 -1.331439 -0.521732 -2.406847 -0.174009 0.261779 -0.242594 0.998690 10.721752 0.091047
 40086.801904 -1.323642 2.664828 -1.413825 -0.248683 -2.520630 -0.032211 0.234988 -0.192622 0.998123 9.655066 0.091298
 40087.001904 -1.232275 2.590809 -1.468705 -0.354808 -2.326125 -0.329825 0.238398 -0.247235 0.996762 11.016908 0.091536
 40087.201904 -0.957121 2.107756 -1.376777 -0.236655 -2.469414 -0.048160 0.354405 -0.413422 0.998111 9.041956 0.091773
 40087.401904 -1.641636 2.154657 -1.185259 -0.505421 -2.106265 -0.251081 0.241722 -0.117951 0.999807 8.623662 0.091978
 40087.601904 -1.175388 2.357307 -1.228272 -0.269420 -2.619151 0.112867 0.325192 -0.319154 0.999662 9.026498 0.092191
 40087.801904 -1.314913 2.502658 -1.332967 -0.575879 -2.373058 0.151334 0.247582 -0.202744 0.998397 9.850701 0.092428
 40088.001904 -1.316811 2.234280 -1.209637 -0.389743 -2.377980 0.293081 0.301684 -0.240578 0.999691 10.553921 0.092666
 40088.201904 -0.789570 1.886175 -0.802911 -0.815830 -1.777732 0.212846 0.521126 -0.349233 0.999951 8.970949 0.092878
 40088.401904 -1.189509 1.955355 -0.951066 -0.542674 -1.893108 0.112590 0.378324 -0.362612 0.999931 9.044282 0.093097
 40088.601904 -1.039118 1.856952 -0.967563 -0.537587 -1.895709 0.054808 0.400265 -0.383223 0.999893 9.072309 0.093272
 40088.801904 -1.270576 2.141772 -1.322455 -0.599337 -1.640825 -0.005483 0.285902 -0.291079 0.997645 9.993945 0.093475
 40089.001904 -1.215737 2.597529 -1.277430 -0.539857 -2.695812 0.422281 0.270722 -0.219161 0.999165 10.275023 0.093692
 40089.201904 -1.788439 2.762624 -1.375695 -0.957993 -2.554076 -0.040200 0.160249 -0.040624 0.995493 11.522501 0.093970
 40089.401904 -1.499441 2.751232 -1.224530 -0.690828 -2.770592 -0.428260 0.201545 -0.095059 0.999463 8.620999 0.094179
 40089.601904 -1.454115 2.574709 -1.168011 -0.814943 -2.351220 -0.432861 0.240467 -0.126536 0.999497 8.731693 0.094360
 40089.801904 -1.215877 2.331837 -1.278561 -0.720734 -2.038131 -0.315174 0.310586 -0.290995 0.998279 9.909612 0.094565
 40090.001904 -1.030054 2.103608 -1.210787 -0.831606 -2.072297 -0.770395 0.318835 -0.391971 0.998879 9.193080 0.094787
 40090.201904 -1.741031 2.125365 -1.096569 -0.517193 -2.437757 -0.999471 0.242404 -0.062079 0.999967 9.580211 0.095011
 40090.401904 -1.837765 2.768741 -1.371541 -0.512723 -2.382396 -0.389389 0.165647 -0.031212 0.999432 11.732984 0.095305
 40090.601904 -2.317839 2.707241 -1.085087 -0.800279 -2.539553 -0.181108 0.256279 0.002529 0.999967 12.947690 0.096184
 40090.801904 -1.858355 2.673253 -1.353119 -0.778135 -2.110908 -0.731684 0.182041 -0.026314 0.999336 12.058238 0.097010
 40091.001904 -1.422311 2.228786 -1.152462 -0.523140 -2.198886 -0.837480 0.277017 -0.170000 0.999889 9.098259 0.097235
 40091.201904 -1.564860 2.341962 -0.935551 -0.889815 -2.080440 -0.614547 0.335548 -0.108417 0.999948 8.550725 0.097480
 40091.401904 -1.319519 2.476992 -1.054188 -1.028825 -1.854758 -0.456654 0.317556 -0.204210 0.999412 9.812058 0.097762
 40091.601904 -1.588812 2.597363 -1.160266 -0.675904 -2.401871 -0.044967 0.250370 -0.085670 0.999740 8.709692 0.098015
 40091.801904 -1.350627 2.841863 -1.257748 -0.811813 -2.485989 0.076082 0.234307 -0.143240 0.997180 9.153461 0.098186
 40092.001904 -1.201252 2.704669 -1.247598 -0.836685 -2.493747 0.185917 0.273919 -0.226969 0.997312 10.745860 0.098403
 40092.201904 -1.300912 2.706405 -1.304213 -0.825148 -2.281052 -0.732981 0.222052 -0.161986 0.997837 9.289356 0.098794
 40092.401904 -1.080906 2.134078 -1.212536 -0.151294 -2.663746 -0.405354 0.341060 -0.408910 0.999736 8.966843 0.099012
 40092.601904 -0.869363 2.199608 -1.348929 -0.136511 -2.164552 -1.114872 0.366797 -0.388871 0.999625 9.208749 0.099192
 40092.801904 -1.421589 2.687991 -1.330163 -0.345473 -2.466419 -0.662283 0.223598 -0.126725 0.999480 8.739417 0.099402
 40093.001904 -1.677869 2.130540 -0.703631 -0.534392 -2.388582 -0.522004 0.377766 -0.113914 0.999994 8.575834 0.099635
 40093.201904 -2.264172 2.707891 -1.064706 -0.663739 -2.323216 -0.614215 0.247780 0.004126 0.999981 12.943890 0.100375
 40093.401904 -2.164099 2.750223 -1.306190 -0.647741 -2.369717 -0.248330 0.189028 -0.006316 0.999814 12.868057 0.101243
 40093.601904 -1.736436 2.878428 -1.303676 -0.825294 -2.370365 -0.214461 0.173107 -0.041775 0.998170 11.135963 0.102069
 40093.801904 -1.681176 2.434133 -1.110045 -0.824158 -2.354754 -0.100436 0.241174 -0.073891 0.999796 9.035312 0.102511
 40094.001904 -1.647071 2.191846 -1.315513 -0.536248 -2.388174 -0.771545 0.207269 -0.091735 0.999673 8.627839 0.102739
 40094.201904 -0.932326 2.168840 -1.371347 -0.445247 -2.616092 -0.549148 0.330624 -0.434749 0.998493 8.589622 0.102959
 40094.401904 -1.126634 2.405813 -1.292755 -0.402335 -2.580561 -0.650509 0.287052 -0.321739 0.999517 9.065863 0.103170
 40094.601904 -1.395460 2.356820 -1.113453 -0.603526 -2.633748 -0.249123 0.273918 -0.190581 0.999845 9.496128 0.103374
 40094.801904 -0.703851 2.119808 -1.085787 -0.745932 -2.356743 -0.368918 0.442863 -0.474067 0.999675 7.543892 0.103534
 40095.001904 -0.944316 2.252536 -1.353508 -0.701649 -2.301815 -0.558358 0.327917 -0.429794 0.997155 8.929326 0.103677
 40095.201904 -1.046486 2.547921 -1.274829 -0.722730 -2.351397 -0.724213 0.299780 -0.329958 0.998853 9.123888 0.103872
 40095.401904 -1.092250 2.880201 -1.017856 -0.906953 -2.479004 -0.562116 0.301363 -0.270433 0.999631 10.425376 0.104117
 40095.601904 -0.975954 2.632535 -1.112682 -0.836736 -2.458421 -0.393755 0.388695 -0.385293 0.999409 9.257837 0.104322
 40095.801904 -1.585798 2.590007 -0.884111 -0.758550 -2.662597 -0.624892 0.291273 -0.077020 0.999979 9.020090 0.104546
 40096.001904 -1.241299 2.627434 -1.191080 -0.851321 -2.578278 -0.445748 0.256513 -0.218797 0.998956 10.388072 0.104738
 40096.201904 -1.115860 2.330572 -1.300623 -0.261813 -2.752006 -0.411199 0.304829 -0.360614 0.999464 9.193176 0.104951
 40096.401904 -1.392796 2.549714 -1.585292 -0.248328 -2.072855 -0.613872 0.211854 -0.165294 0.996008 9.610837 0.105214
 40096.601904 -1.247018 2.376631 -1.322532 -0.768964 -1.988617 -0.481723 0.286974 -0.256554 0.997381 11.107778 0.105458
 40096.801904 -1.000820 2.071769 -1.126069 -0.420075 -2.411510 -0.674303 0.358059 -0.425191 0.999861 8.605103 0.105710
 40097.001905 -1.455036 2.497117 -1.264526 -1.095900 -2.357847 -0.105981 0.263532 -0.140172 0.993557 9.598653 0.106011
 40097.201905 -1.310665 2.862360 -1.594845 -0.722035 -2.549031 0.311958 0.195631 -0.143215 0.970162 11.241642 0.106299
 40097.401905 -1.784124 2.341163 -1.464797 -0.593767 -2.192170 0.226879 0.198054 -0.059791 0.998236 10.003569 0.106658
 40097.601905 -1.602868 2.160641 -1.356730 -0.259046 -2.822495 0.599032 0.281352 -0.094358 0.999577 8.739942 0.106869
 40097.801905 -1.417014 2.444058 -1.246545 -0.918168 -2.019137 0.921884 0.281418 -0.084408 0.998819 8.961419 0.107100
 40098.001905 -1.468468 2.152445 -1.378242 -0.306020 -2.338492 0.639297 0.265588 -0.131884 0.999187 8.906332 0.107301
 40098.201905 -1.499700 2.167045 -0.977891 -0.507822 -2.430969 0.428222 0.314500 -0.156883 0.999963 9.136553 0.107542
 40098.401905 -1.268226 2.391697 -1.487719 -0.522468 -1.847263 0.151625 0.244949 -0.246707 0.993746 11.670242 0.107796
 40098.601905 -1.637866 2.357912 -1.113579 -0.508928 -2.486721 0.541105 0.258568 -0.075747 0.999927 9.113725 0.108057
 40098.801905 -1.487592 2.826044 -1.467994 -0.597578 -2.455753 0.803888 0.188113 -0.047295 0.996683 10.984704 0.108283
 40099.001905 -0.941281 2.234199 -1.270829 -0.785116 -2.129693 0.308707 0.339942 -0.388208 0.997235 9.588878 0.108545
 40099.201905 -1.536296 2.934075 -1.680415 -0.820708 -2.254581 0.284527 0.156415 -0.072432 0.942150 9.735457 0.108870
 40099.401905 -1.184370 2.849642 -1.673705 -1.279718 -1.916536 0.281758 0.231267 -0.200683 0.668901 5.171074 0.109092
 40099.601905 -1.470055 2.619913 -1.614933 -1.233176 -1.949504 -0.505336 0.184290 -0.121373 0.867394 9.214489 0.109205
 40099.801905 -0.783537 2.622883 -1.639365 -0.101948 -2.840496 -0.529602 0.376003 -0.450804 0.992309 9.130673 0.109479
 40100.001905 -1.902046 2.448593 -1.291228 -0.783471 -2.221174 -0.602390 0.177395 -0.030883 0.999658 11.770095 0.109756
 40100.201905 -1.119750 2.624909 -1.449865 -0.570499 -2.337837 -0.378721 0.250358 -0.297067 0.994871 10.213292 0.110041
 40100.401905 -1.429651 2.652531 -1.560576 -0.387758 -2.550115 -0.276542 0.195647 -0.142070 0.994846 9.601206 0.110257
 40100.601905 -1.532053 2.578556 -1.276810 -0.596285 -2.322890 -0.103368 0.225424 -0.106487 0.999311 8.850196 0.110501
 40100.801905 -1.300895 2.647955 -1.465635 -0.625242 -2.411078 0.417210 0.259936 -0.167083 0.994011 9.946228 0.110696
 40101.001905 -1.186975 2.122449 -1.169527 -0.515643 -2.443584 -0.033818 0.352635 -0.344420 0.999634 9.054910 0.110904
 40101.201905 -1.495502 2.287162 -1.040984 -0.446217 -2.897132 -0.139602 0.283678 -0.160714 0.999950 9.172221 0.111100
 40101.401905 -1.401390 2.805408 -1.829255 -0.430285 -2.213902 -0.859145 0.161988 -0.118243 0.981647 10.409102 0.111347
 40101.601905 -1.520189 2.657609 -1.338103 -0.749404 -2.470942 -0.565299 0.185460 -0.092960 0.998483 8.973299 0.111724
 40101.801905 -0.633354 2.495051 -1.276134 -0.824663 -2.311670 -0.868870 0.421808 -0.477029 0.998681 7.657474 0.111918
 40102.001905 -1.140285 2.190441 -1.066389 -0.913852 -2.627672 0.270133 0.358348 -0.335878 0.999509 9.035730 0.112127
 40102.201905 -1.055121 2.608887 -1.543262 -0.692111 -2.595779 -0.312483 0.248038 -0.332781 0.984899 10.966047 0.112373
 40102.401905 -1.513285 2.628681 -1.880529 -0.201244 -2.776671 -0.678169 0.178797 -0.113978 0.988725 9.890454 0.112763
 40102.601905 -1.036364 2.500051 -1.930780 -0.904097 -2.099975 -0.290586 0.263490 -0.362294 0.850404 5.492223 0.113076
 40102.801905 -1.148290 2.655445 -1.926048 -0.501710 -2.062266 -0.319949 0.239883 -0.289658 0.941554 10.826761 0.113200
 40103.001905 -1.408587 2.394705 -1.136348 -0.967023 -1.862308 -0.419621 0.260093 -0.171421 0.999114 9.393257 0.113640
 40103.201905 -1.150017 2.431309 -1.527922 -1.128716 -1.587198 -0.328544 0.246514 -0.307075 0.916538 8.548605 0.113966
 40103.401905 -1.183707 2.548927 -1.838329 -0.984855 -1.750036 -0.508849 0.219209 -0.266184 0.852466 5.442883 0.114201
 40103.601905 -1.105238 2.600970 -1.923652 -0.908814 -1.740316 -0.225310 0.220072 -0.313804 0.828193 6.705200 0.114278
 40103.801905 -1.333023 2.349522 -1.403163 -1.420161 -1.662690 -0.173601 0.240258 -0.223049 0.865644 5.410386 0.114350
 40104.001905 -1.017432 2.723991 -2.404556 -0.802206 -1.549656 -0.459475 0.261238 -0.373478 0.854230 5.237653 0.114422
 40104.201905 -1.626469 2.473484 -1.767422 -1.121522 -1.317304 -0.359192 0.149231 -0.097777 0.863077 8.079812 0.114538
 40104.401905 -0.836628 2.571230 -2.401725 -1.120545 -1.461511 -0.428217 0.304358 -0.454343 0.726199 10.069451 0.114667
 40104.601905 -1.651510 2.474955 -2.188601 -0.919290 -1.429285 -0.356439 0.145183 -0.103974 0.867134 8.312155 0.114880
 40104.801905 -1.032147 2.573508 -2.361747 -0.827364 -1.410134 -0.562155 0.269624 -0.380275 0.862900 5.348832 0.114975
 40105.001905 -1.067509 2.787725 -2.432818 -0.656804 -1.984010 -0.124234 0.306823 -0.342734 0.884870 6.750488 0.115075
 40105.201905 -1.546523 2.680854 -2.134268 -0.667892 -1.936767 -0.375304 0.185668 -0.112746 0.923715 9.062707 0.115194
 40105.401905 -1.191352 2.832098 -2.489628 -0.716607 -1.655320 -0.360911 0.235019 -0.278707 0.882302 5.624329 0.115578
 40105.601905 -1.309689 2.598174 -2.615746 -0.825560 -1.678399 -0.534395 0.256934 -0.253469 0.931397 9.932500 0.115685
 40105.801905 -1.602817 2.561156 -2.385032 -0.388163 -1.734365 -0.505773 0.192118 -0.121547 0.973586 10.816264 0.116215
 40106.001905 -0.854344 2.504640 -2.412820 -0.269988 -1.549837 -0.559779 0.342669 -0.455924 0.960539 12.199897 0.116770
 40106.201905 -1.381504 2.753653 -2.195245 -0.464089 -1.520458 -0.105548 0.190456 -0.179006 0.914962 10.145530 0.117245
 40106.401905 -1.390516 2.115868 -1.595445 -0.441796 -1.359878 -0.240824 0.228289 -0.238380 0.988667 12.204524 0.117483
 40106.601905 -0.980464 2.309764 -1.689070 -0.491141 -1.542761 0.264509 0.294312 -0.364010 0.973800 12.249731 0.117808
 40106.801905 -1.134479 2.035972 -1.309394 -0.742541 -1.415339 0.461101 0.307691 -0.287435 0.995812 10.470956 0.118218
 40107.001905 -1.177252 2.131407 -1.414052 -0.498085 -1.738361 0.174111 0.297853 -0.321420 0.995697 9.711036 0.118555
 40107.201905 -1.270876 2.015154 -1.226488 -0.477379 -2.154976 0.210515 0.305040 -0.287724 0.999317 9.985709 0.118805
 40107.401905 -1.475580 1.519700 -1.159875 -0.513500 -1.803457 -0.182953 0.389328 -0.185803 0.998700 9.674282 0.119101
 40107.601905 -1.702894 1.441102 -1.174665 -0.213909 -1.544009 -0.261027 0.348797 -0.116967 0.999221 8.915013 0.119524
 40107.801905 -1.610906 1.656908 -1.004395 -0.607079 -1.191581 -0.566876 0.333948 -0.178354 0.999872 9.392374 0.119732
 40108.001905 -1.566957 1.575494 -1.367231 0.109088 -1.235913 -0.673758 0.262939 -0.166741 0.996986 9.597897 0.119962
 40108.201905 -1.434141 1.203768 -0.637694 -0.696807 -1.086134 -0.502768 0.404050 -0.095417 0.999967 8.814210 0.120254
 40108.401905 -1.437547 1.594621 -1.214897 -0.548571 -1.108565 -0.660503 0.276118 -0.208117 0.998584 10.306309 0.120528
 40108.601905 -1.269762 1.219237 -0.810416 -0.473910 -1.190150 -0.531358 0.397990 0.002794 0.999886 13.025183 0.120813
 40108.801905 -1.395600 1.248476 -0.916670 -0.582720 -1.139252 -0.494208 0.338952 -0.056354 0.999632 10.136640 0.121066
 40109.001905 -1.436060 1.712110 -1.023323 -0.445264 -1.314251 -0.278502 0.320756 -0.265146 0.999848 10.608349 0.121326
 40109.201905 -1.106438 2.005759 -1.198032 -0.237291 -1.748360 0.065932 0.350474 -0.378965 0.999525 9.324289 0.121587
 40109.401905 -1.197865 1.844572 -1.086199 -0.723972 -0.771652 -0.529566 0.348606 -0.357382 0.999497 9.271787 0.121802
 40109.601905 -1.442573 1.973659 -0.856149 -0.478411 -1.541005 -0.030402 0.347618 -0.255597 0.999977 10.766159 0.122080
 40109.801905 -1.652667 2.178473 -1.337821 -0.203178 -1.476783 0.072711 0.240718 -0.121689 0.999407 8.987356 0.122307
 40110.001905 -1.900136 2.282843 -1.153406 -0.609061 -1.467691 0.144471 0.253121 -0.044748 0.999889 10.865685 0.122520
 40110.201905 -1.707217 2.219484 -1.042232 -0.487964 -1.067758 -0.432569 0.265639 -0.093228 0.999953 8.874767 0.122743
 40110.401905 -1.443222 2.487376 -1.413352 -0.225170 -1.465252 0.231334 0.245084 -0.158438 0.998357 9.459061 0.122953
 40110.601905 -1.468661 2.724459 -1.380529 -0.466656 -1.441933 0.071416 0.212076 -0.120680 0.997715 9.182277 0.123148
 40110.801905 -1.599248 2.491954 -0.944233 -0.707276 -1.399341 -0.006606 0.294599 -0.097778 0.999952 8.845875 0.123376
 40111.001905 -1.733935 2.395968 -1.272382 -0.539375 -1.404304 0.349205 0.240860 -0.063431 0.999627 9.819364 0.123647
 40111.201905 -1.044366 2.673711 -1.239440 -0.448991 -1.642307 0.882219 0.321482 -0.204630 0.999531 10.078483 0.123925
 40111.401905 -1.613590 2.797551 -1.222165 -0.420951 -1.691751 0.759718 0.221830 -0.037677 0.999775 11.471704 0.124215
 40111.601905 -1.999992 2.901599 -1.253026 -0.407665 -1.756370 0.565366 0.199048 -0.003608 0.999850 13.048465 0.124949
 40111.801905 -1.262122 2.885455 -1.202851 -0.511775 -1.417491 0.321460 0.257046 -0.178145 0.999097 9.596376 0.125446
 40112.001905 -1.427162 2.883168 -0.953503 -0.448728 -1.366268 0.083302 0.291077 -0.127798 0.999941 8.991955 0.125744
 40112.201905 -1.135299 2.971972 -1.082516 -0.155162 -1.201737 -0.080495 0.328854 -0.278823 0.999751 10.226014 0.125973
 40112.401905 -1.306431 3.042373 -0.900634 -0.665036 -0.858533 -0.525112 0.279574 -0.159730 0.999922 9.364948 0.126183
 40112.601905 -1.108244 2.894237 -0.909892 -0.137387 -1.651887 -0.282850 0.376658 -0.316444 0.999964 9.171344 0.126416
 40112.801905 -1.708397 2.843243 -1.158129 -0.189717 -1.238384 -0.436078 0.228964 -0.051333 0.999885 10.534128 0.126656
 40113.001905 -1.580759 2.948768 -1.185973 -0.072451 -1.414933 -0.073959 0.243898 -0.081182 0.999694 9.162269 0.126928
 40113.201905 -1.600903 3.136628 -1.367501 0.588816 -1.568578 -0.187396 0.337272 -0.089217 0.986928 10.166070 0.127230
 40113.401905 -1.649515 2.901931 -1.104390 0.334376 -1.679288 0.264664 0.426970 -0.072616 0.999816 9.412003 0.127524
 40113.601905 -1.308162 3.051144 -1.562540 0.134982 -1.157408 0.374168 0.235250 -0.145645 0.979062 11.149022 0.127796
 40113.801905 -1.397654 2.477602 -0.935497 -0.155114 -1.112081 -0.551067 0.322635 -0.195116 0.999979 9.812896 0.128089
 40114.001905 -1.492271 2.570184 -0.941067 -0.279102 -1.327378 -0.464464 0.304037 -0.133464 0.999977 9.154801 0.128291
 40114.201905 -1.181459 2.425396 -1.343635 -0.019479 -1.090209 -0.473740 0.289119 -0.329267 0.998984 9.226074 0.128496
 40114.401905 -1.366279 2.721990 -1.233356 -0.390337 -0.990231 -0.382574 0.244809 -0.167104 0.999483 9.563497 0.128728
 40114.601905 -1.082852 2.437416 -1.248893 0.333058 -1.722524 -0.059013 0.415302 -0.406125 0.998991 9.180290 0.128939
 40114.801905 -1.648774 2.556769 -1.432402 0.271771 -1.262967 -0.305441 0.252506 -0.104953 0.998195 9.226684 0.129172
 40115.001905 -1.386816 2.495702 -1.437877 0.106159 -1.051727 -0.749358 0.253407 -0.189410 0.998602 9.935312 0.129376
 40115.201905 -1.713020 2.642741 -1.475442 0.341920 -1.443600 -0.507072 0.265250 -0.079078 0.997746 9.476033 0.129611
 40115.401905 -1.899012 2.340587 -1.468832 -0.064653 -1.354670 -0.084211 0.211210 -0.055637 0.999245 10.357848 0.129856
 40115.601905 -1.672364 2.121560 -1.252291 0.026235 -1.431180 -0.389082 0.281047 -0.130840 0.999759 9.275812 0.130095
 40115.801905 -2.002407 2.388256 -1.359756 -0.047988 -1.193433 -0.515413 0.214092 -0.033317 0.999829 11.773368 0.130518
 40116.001905 -1.458780 2.528365 -1.146775 -0.095557 -1.278571 -0.390336 0.282531 -0.159482 0.999878 9.463884 0.130769
 40116.201905 -1.118665 2.759789 -1.267753 -0.394103 -0.913823 -0.430394 0.274564 -0.297286 0.998977 9.735181 0.131031
 40116.401905 -1.102600 2.704264 -1.250125 -0.339940 -1.290180 -0.378557 0.288710 -0.318088 0.999262 9.252229 0.131256
 40116.601905 -1.393112 2.718194 -0.958285 -0.768592 -1.397210 0.099814 0.280319 -0.150364 0.999888 9.515868 0.131488
 40116.801905 -0.897762 2.347680 -0.013045 -1.488746 -0.901256 -0.385322 0.652638 -0.910155 -0.197024 9.040374 0.131795
 40117.001905 -1.246671 2.979463 -0.829570 -1.112591 -1.361054 0.261884 0.328437 -0.323009 0.996949 9.532264 0.132071
 40117.201905 -1.421526 2.550433 -0.967239 -0.609606 -1.669434 0.220657 0.307537 -0.155177 0.999942 9.542043 0.132369
 40117.401905 -1.233535 2.423588 -1.061949 -0.571599 -1.488663 -0.336710 0.301916 -0.281395 0.999865 10.122718 0.132582
 40117.601905 -1.124892 2.250667 -1.325450 -0.221136 -1.371573 -0.343949 0.324645 -0.378936 0.998952 9.414470 0.132861
 40117.801905 -0.521884 2.204599 -1.171057 -0.427041 -1.173869 -0.391902 0.488929 -0.429542 0.999675 8.576366 0.133002
 40118.001906 -1.497703 2.167113 -1.160392 -0.463143 -1.309038 -0.369355 0.262180 -0.179283 0.999797 9.735622 0.133205
 40118.201906 -0.959896 2.265751 -1.404932 -0.198088 -1.345995 -0.307899 0.332372 -0.443988 0.997650 8.534145 0.133439
 40118.401906 -1.134014 2.040316 -0.951693 -0.687263 -1.211538 -0.217415 0.364043 -0.406709 0.999902 9.024676 0.133627
 40118.601906 -1.283078 2.179140 -1.144745 -0.555152 -1.505538 -0.208948 0.293223 -0.293450 0.999674 9.753771 0.133836
 40118.801906 -1.597953 2.404509 -0.783879 -0.929628 -1.183036 -0.107653 0.304882 -0.110555 0.999974 9.144690 0.134057
 40119.001906 -1.648997 2.014677 -1.135201 -0.324471 -1.247842 -0.236556 0.273363 -0.144794 0.999872 9.550807 0.134278
 40119.201906 -1.589028 1.884774 -0.882957 -0.620386 -1.055415 -0.371540 0.312334 -0.188019 0.999967 9.921991 0.134524
 40119.401906 -1.466412 2.012707 -1.293051 -0.299985 -0.963516 -0.530447 0.252482 -0.216126 0.999380 10.552842 0.134815
 40119.601906 -1.825512 2.059146 -1.350780 -0.227515 -1.298003 -0.226773 0.224742 -0.086659 0.999527 9.165717 0.135069
 40119.801906 -1.750591 1.828451 -1.155690 -0.368515 -1.094401 -0.300446 0.278169 -0.126817 0.999812 9.361616 0.135292
 40120.001906 -1.363113 1.742053 -1.193920 -0.391346 -1.159090 -0.243343 0.294336 -0.281253 0.999175 10.231762 0.135573
 40120.201906 -1.133969 1.685152 -0.903983 -0.561785 -1.476280 -0.196332 0.395854 -0.349784 0.999909 9.185952 0.135803
 40120.401906 -1.160411 1.940873 -1.326678 -0.437496 -1.329811 -0.497017 0.295082 -0.360914 0.998066 9.521293 0.136044
 40120.601906 -1.270825 2.159879 -1.059101 -0.618330 -1.338868 -0.470848 0.303910 -0.300246 0.999854 9.618254 0.136275
 40120.801906 -1.427492 2.536191 -1.696615 -0.232523 -1.113556 -0.584783 0.190173 -0.163110 0.990682 10.733524 0.136666
 40121.001906 -0.857156 2.070165 -1.030246 -0.381147 -1.451003 -0.323007 0.441659 -0.475131 0.999905 7.536175 0.136940
 40121.201906 -1.678885 2.012655 -0.811268 -0.408393 -1.199573 -0.318112 0.330266 -0.142347 0.999989 9.512690 0.137159
 40121.401906 -1.219322 2.163060 -0.922839 -0.134138 -1.292373 -0.673591 0.376777 -0.352161 0.999980 9.187467 0.137401
 40121.601906 -1.155061 2.163899 -1.184474 -0.247314 -1.274062 -0.421757 0.323555 -0.377965 0.999724 9.299554 0.137618
 40121.801906 -1.692233 2.262177 -1.220692 -0.281790 -1.477717 -0.656202 0.248669 -0.087185 0.999884 9.119478 0.137874
 40122.001906 -2.061766 2.690289 -1.630947 -0.165873 -1.541676 -0.898815 0.162805 -0.013506 0.999368 12.871311 0.138327
 40122.201906 -1.781422 2.195171 -1.252970 -0.448873 -1.395822 -0.277591 0.225813 -0.078095 0.999756 9.317834 0.138737
 40122.401906 -1.385440 2.665157 -1.543227 -0.460072 -1.318060 -0.433002 0.190923 -0.160086 0.992892 10.482219 0.138983
 40122.601906 -1.738804 2.468179 -1.303912 -0.671540 -1.157973 -0.714161 0.182416 -0.054347 0.999552 10.446946 0.139274
 40122.801906 -1.545486 2.679816 -1.516002 -0.580450 -1.398055 -0.832963 0.163792 -0.081487 0.996788 9.558887 0.139541
 40123.001906 -1.841810 2.773865 -1.548474 -0.416214 -1.672625 -0.689784 0.145335 -0.031223 0.998421 12.154171 0.140243
 40123.201906 -1.731194 2.508429 -1.379604 -0.554918 -1.689196 -0.268769 0.189216 -0.063445 0.999045 9.985889 0.140812
 40123.401906 -1.577331 2.536716 -1.426100 -0.397344 -1.786385 -0.005555 0.200127 -0.103242 0.998338 9.269658 0.141050
 40123.601906 -1.552840 2.387044 -1.287585 -0.795518 -1.388323 -0.035153 0.225174 -0.121725 0.998150 9.487834 0.141322
 40123.801906 -1.574530 2.708039 -1.731016 -0.600330 -1.465668 -0.552809 0.143059 -0.088017 0.980471 10.626735 0.141643
 40124.001906 -1.248568 2.563215 -1.381234 -0.853745 -1.435782 -0.397404 0.241503 -0.232052 0.991416 11.960756 0.142156
 40124.201906 -1.208371 2.041309 -1.229180 -0.463863 -1.472083 -0.675803 0.330022 -0.331079 0.999511 9.199959 0.142500
 40124.401906 -1.590573 2.328589 -1.236754 -0.817372 -1.485477 -0.392692 0.259563 -0.110842 0.999089 9.252161 0.142784
 40124.601906 -1.108245 2.571576 -1.270256 -0.814384 -1.854329 -0.151351 0.301549 -0.317174 0.996684 9.697651 0.143042
 40124.801906 -1.113244 2.333167 -1.212620 -0.590446 -2.109651 0.225832 0.340714 -0.337876 0.999313 9.229645 0.143368
 40125.001906 -0.988850 2.286660 -1.077758 -0.455737 -2.102355 0.456039 0.395993 -0.374639 0.999880 9.277560 0.143602
 40125.201906 -0.808743 2.096045 -1.018053 -0.363572 -2.002701 0.041907 0.453338 -0.446259 0.999919 8.115908 0.143832
 40125.401906 -0.975140 2.239310 -1.489729 -0.211568 -2.020447 -0.041176 0.343285 -0.416881 0.995310 9.560355 0.144159
 40125.601906 -0.749903 2.119953 -1.259734 -0.526378 -2.059443 0.080806 0.417131 -0.403327 0.998738 9.264719 0.144360
 40125.801906 -1.048907 2.065414 -1.307246 -0.812395 -1.482907 0.096554 0.380933 -0.380219 0.993583 10.223051 0.144861
 40126.001906 -1.161605 1.856948 -1.217552 -0.540371 -1.454921 -0.035363 0.346368 -0.344514 0.998555 9.362770 0.145107
 40126.201906 -1.328666 2.015566 -1.136069 -0.617810 -1.762837 0.309813 0.327553 -0.254941 0.999593 11.018144 0.145368
 40126.401906 -1.245862 2.071960 -1.097485 -0.625372 -1.319881 0.099212 0.343153 -0.320794 0.999671 9.332652 0.145608
 40126.601906 -1.141655 1.815998 -1.076701 -0.664475 -1.606803 0.257966 0.381215 -0.307037 0.999470 9.583064 0.145832
 40126.801906 -1.460386 1.576420 -1.061184 -0.528057 -1.551601 0.015492 0.337940 -0.206299 0.999558 10.385271 0.146093
 40127.001906 -1.168870 1.632471 -1.179596 -0.498200 -1.855430 0.212454 0.388835 -0.192134 0.998388 10.252114 0.146390
 40127.201906 -1.289022 2.198535 -1.155041 -0.385056 -1.811157 0.065570 0.325361 -0.284777 0.999759 10.198480 0.146718
 40127.401906 -1.564801 2.694747 -1.164614 -0.508134 -1.858269 0.154663 0.242550 -0.086828 0.999768 9.150042 0.147005
 40127.601906 -1.041939 2.527730 -1.143143 -0.538938 -2.060253 0.404796 0.364018 -0.334032 0.999702 9.279336 0.147249
 40127.801906 -1.242893 2.240245 -1.047255 -0.627975 -1.604893 -0.089071 0.382996 -0.309014 0.999843 9.486090 0.147505
 40128.001906 -1.057910 2.519960 -1.098499 -0.581831 -1.867447 -0.178410 0.346966 -0.371369 0.999761 9.386056 0.147662
 40128.201906 -1.380774 -2.809012 -2.421639 0.685997 -2.684590 0.250163 0.240676 -0.048381 0.531553 9.155332 0.147897
 40128.401906 -1.550009 2.965667 -1.954895 0.388015 -2.591932 0.216110 0.199493 -0.100093 0.920291 8.439317 0.148274
 40128.601906 -1.441471 1.964704 0.626733 -1.866319 -1.633488 0.197556 0.792594 -0.866137 -0.098914 8.205685 0.148568
 40128.801906 -1.231161 2.112404 -0.043392 -1.489561 -1.615442 -0.092093 0.653799 -0.868044 -0.330254 8.964878 0.149116
 40129.001906 -1.349243 2.727286 -1.542727 -0.652731 -1.955976 0.266572 0.282486 -0.151404 0.984859 11.121636 0.149290
 40129.201906 -1.443286 2.357404 -0.917013 -0.868575 -1.704777 -0.028751 0.354288 -0.174303 0.999923 9.811297 0.149597
 40129.401906 -0.922067 2.343139 -1.068549 -0.740252 -1.459560 0.112823 0.412851 -0.447359 0.999656 8.153929 0.149939
 40129.601906 -1.217936 2.474990 -1.263038 -0.388283 -2.384216 0.331106 0.312875 -0.253538 0.999453 11.057755 0.150209
 40129.801906 -1.201647 2.355282 -1.112660 -0.181308 -2.510688 0.096280 0.346264 -0.317666 0.999892 9.379847 0.150428
 40130.001906 -0.996838 2.193222 -1.114465 -0.473838 -2.147186 -0.548582 0.399105 -0.436126 0.999848 8.422196 0.150619
 40130.201906 -1.258417 2.277585 -1.067229 -0.484649 -2.257421 -0.306299 0.329534 -0.290301 0.999902 10.008811 0.150823
 40130.401906 -0.935788 2.004704 -0.973534 -0.444921 -2.581290 -0.323100 0.414840 -0.460272 0.999949 7.911332 0.151061
 40130.601906 -1.159385 1.941790 -1.016637 -0.447405 -2.319998 -0.807002 0.350869 -0.357859 0.999948 9.457648 0.151251
 40130.801906 -0.977464 2.206443 -1.279391 -0.533113 -2.182064 -0.682020 0.333079 -0.418687 0.999266 9.091887 0.151467
 40131.001906 -1.392636 2.542451 -1.050535 -0.461986 -2.389528 -0.809600 0.270761 -0.145517 0.999957 9.555258 0.151706
 40131.201906 -0.960458 2.215705 -0.896486 -0.482783 -2.338768 -0.422769 0.457285 -0.475833 0.999977 7.598468 0.151935
 40131.401906 -1.324675 2.395220 -1.193595 -0.456661 -2.178459 -0.540892 0.306411 -0.216763 0.999776 10.611615 0.152109
 40131.601906 -1.136066 2.448902 -1.312343 -0.444442 -2.222600 -0.830487 0.273198 -0.291139 0.999461 10.045662 0.152403
 40131.801906 -1.287796 2.070660 -0.993390 -0.526086 -2.340846 -0.649823 0.345950 -0.292305 0.999954 9.938635 0.152570
 40132.001906 -0.876471 1.912958 -1.057790 -0.275729 -2.513035 -0.331351 0.449494 -0.412845 0.999889 9.119339 0.152788
 40132.201906 -0.919253 2.308997 -1.351632 -0.598750 -2.239667 -0.750768 0.389720 -0.423519 0.998526 9.210280 0.152975
 40132.401906 -1.179898 1.940249 -1.178613 -0.544453 -2.091078 -0.524357 0.413325 -0.355974 0.999525 9.553727 0.153179
 40132.601906 -1.080608 1.713178 -1.029097 -0.513613 -2.411074 -0.793469 0.411397 -0.324693 0.999881 9.345529 0.153431
 40132.801906 -1.087153 2.099020 -1.355082 -0.259480 -2.485067 -0.609737 0.325487 -0.383395 0.999055 9.717157 0.153696
 40133.001906 -1.103279 1.925382 -1.346866 -0.214125 -2.018947 -0.604318 0.332447 -0.369576 0.998641 9.771085 0.153939
 40133.201906 -0.877984 2.210081 -1.005092 -0.840671 -1.702048 -0.455086 0.455860 -0.488953 0.999792 7.478665 0.154156
 40133.401906 -1.303111 2.720081 -1.257837 -0.536866 -2.189909 -0.388924 0.245729 -0.184166 0.999210 10.020009 0.154441
 40133.601906 -0.996392 2.416814 -0.970914 -0.584421 -2.476534 0.260745 0.384946 -0.401787 0.999942 9.423703 0.154699
 40133.801906 -1.028482 2.147230 -0.847053 -0.810637 -1.730281 0.240562 0.440472 -0.423307 0.999952 8.983054 0.154882
 40134.001906 -0.996077 2.142788 -1.017963 -0.754144 -1.579012 -0.437394 0.389367 -0.450371 0.999816 8.250852 0.155013
 40134.201906 -1.267041 2.720818 -0.682236 -0.824322 -2.509728 0.242269 0.371821 -0.233673 0.999983 10.931721 0.155252
 40134.401906 -0.945304 2.986137 -1.675330 -0.681993 -2.172626 -0.196948 0.274089 -0.324834 0.929327 10.241036 0.155566
 40134.601906 -1.647216 2.406669 -0.807429 -0.700546 -2.321264 -0.096460 0.304148 -0.090543 0.999986 9.089532 0.155926
 40134.801906 -1.521988 2.313538 -0.960815 -0.622513 -1.922636 0.068253 0.293449 -0.145327 0.999954 9.553703 0.156235
 40135.001906 -1.060223 2.214618 -1.023555 -0.602480 -1.748440 0.287677 0.367195 -0.384843 0.999876 9.616708 0.156393
 40135.201906 -1.531061 2.573567 -1.104151 -0.642981 -1.987313 0.010445 0.245501 -0.107809 0.999825 9.139863 0.156630
 40135.401906 -0.961214 2.293551 -0.965977 -0.714756 -2.096661 0.498084 0.409167 -0.385241 0.999920 9.608526 0.156878
 40135.601906 -1.210939 2.097307 -1.108496 -0.522116 -2.033482 0.195462 0.342251 -0.324221 0.999771 9.363891 0.157104
 40135.801906 -1.454248 2.229137 -1.393682 -0.252302 -2.444768 0.793751 0.266306 -0.107473 0.999347 9.190758 0.157384
 40136.001906 -1.156502 2.023879 -1.165299 -0.489971 -2.334446 0.498178 0.363923 -0.284990 0.999663 10.217010 0.157672
 40136.201906 -1.124897 2.190474 -0.938470 -0.294024 -2.700504 0.387756 0.393235 -0.357147 0.999975 9.522925 0.157992
 40136.401906 -1.306632 2.495051 -0.997055 -0.754161 -2.152565 0.193836 0.343124 -0.213790 0.999882 10.543985 0.158248
 40136.601906 -0.918018 2.572435 -1.147555 -0.600112 -2.720686 0.626539 0.369360 -0.329375 0.999733 9.418004 0.158550
 40136.801906 -0.958368 2.490115 -1.225594 -0.694741 -2.616571 0.337104 0.354453 -0.372284 0.999001 9.754178 0.158838
 40137.001906 -1.119924 2.152203 -1.070731 -0.550372 -2.384718 -0.127226 0.353600 -0.387241 0.999849 9.617879 0.159071
 40137.201906 -1.189010 2.172933 -1.359028 -0.666774 -1.979676 -0.111905 0.275092 -0.329152 0.996106 9.924782 0.159254
 40137.401906 -0.890148 2.348156 -1.149713 -0.705873 -2.451172 -0.177572 0.363960 -0.464133 0.999491 8.074471 0.159494
 40137.601906 -0.781041 2.401450 -1.292817 -0.538018 -2.532989 -0.217495 0.372343 -0.480621 0.998854 7.829518 0.159630
 40137.801906 -1.294995 2.581243 -1.596715 -0.336630 -2.070780 -0.055365 0.220209 -0.218932 0.990825 11.840159 0.159886
 40138.001906 -0.923106 2.331899 -1.432745 -0.633850 -2.309207 0.330131 0.327444 -0.376626 0.994142 10.488251 0.160337
 40138.201906 -1.196952 2.274056 -1.738631 -0.035434 -2.109439 -0.040164 0.303522 -0.329009 0.981773 11.561198 0.160882
 40138.401906 -1.063303 2.801726 -2.172435 -0.096347 -1.930305 0.073392 0.279793 -0.326287 0.922133 9.606735 0.161475
 40138.601906 -1.593222 2.665987 -1.885786 -0.208641 -2.428461 0.058914 0.195667 -0.098262 0.980732 10.576189 0.161882
 40138.801906 -1.312086 2.648970 -1.764877 -0.524547 -2.288768 0.635792 0.209137 -0.136167 0.975836 11.397169 0.162236
 40139.001907 -1.606592 2.089413 -1.505544 -0.106823 -2.573252 0.634212 0.237793 -0.093295 0.998468 9.242058 0.162666
 40139.201907 -1.935620 1.480006 -1.017196 -0.079354 -2.288915 0.173632 0.338775 -0.064398 0.999928 9.834889 0.162882
 40139.401907 -1.445735 1.547039 -1.251880 -0.046229 -2.477942 0.303006 0.307668 -0.106163 0.998503 9.272691 0.163148
 40139.601907 -1.362159 1.589083 -1.217210 -0.174485 -2.038344 0.303748 0.319001 -0.141924 0.998804 9.657463 0.163429
 40139.801907 -1.035911 1.803955 -1.369221 0.000718 -2.305041 0.174550 0.372479 -0.246943 0.996471 11.597518 0.163797
 40140.001907 -1.489591 1.699674 -1.232976 -0.254842 -1.883170 -0.021120 0.285060 -0.212754 0.999117 10.627565 0.164128
