#! FIELDS time phi1 psi1 phi2 psi2 phi3 psi3 sum_abs ann.node-0 ann.node-1 WTMetaD.bias WTMetaD.acc
#! SET min_phi1 -pi
#! SET max_phi1 pi
#! SET min_psi1 -pi
#! SET max_psi1 pi
#! SET min_phi2 -pi
#! SET max_phi2 pi
#! SET min_psi2 -pi
#! SET max_psi2 pi
#! SET min_phi3 -pi
#! SET max_phi3 pi
#! SET min_psi3 -pi
#! SET max_psi3 pi
 87000.004132 -2.518169 2.699800 -1.330075 2.589081 1.448647 0.504143 0.413070 0.997199 0.963159 15.446495 1.000000
 87000.204132 -1.623716 2.403956 -1.104570 2.197644 0.949144 0.665581 0.412476 0.996659 -0.299331 17.259865 0.001765
 87000.404132 -2.596993 2.263344 -1.178404 2.198117 1.028297 0.362330 0.467460 0.996990 0.951566 15.595823 0.003462
 87000.604132 -2.304976 2.466208 -1.445049 2.634450 1.332436 0.766340 0.463181 0.997085 0.962220 15.479375 0.004647
 87000.804132 -2.162485 2.596447 -0.945507 2.031061 1.084089 0.242906 0.411260 0.997398 -0.356431 17.637485 0.006725
 87001.004132 -1.957125 2.734487 -1.036347 2.512041 1.245560 0.929934 0.426600 0.996696 0.965199 15.495593 0.009078
 87001.204132 -2.524066 2.683961 -1.148054 2.273776 0.681069 1.028850 0.409429 0.996936 0.963271 15.489437 0.010245
 87001.404132 -2.362778 2.456901 -1.115815 2.241955 0.806797 1.412643 0.420818 0.996765 0.960470 15.554096 0.011403
 87001.604132 -2.391950 2.384816 -1.176695 2.252851 1.028500 0.903904 0.434360 0.996904 0.957132 15.560332 0.012552
 87001.804132 -2.692997 2.901772 -1.462505 2.414064 1.008902 0.995415 0.422980 0.996955 0.965449 15.446711 0.013712
 87002.004132 -2.298242 3.025308 -1.074143 2.452479 1.108471 1.296889 0.468483 0.996679 0.963205 15.534026 0.014847
 87002.204132 -2.624340 2.771125 -1.044692 2.281409 0.882316 1.057975 0.484430 0.996939 0.963886 15.528951 0.015998
 87002.404132 -2.402854 2.852887 -0.840798 2.186222 0.849091 0.981832 0.439381 0.996809 0.961362 15.587107 0.017186
 87002.604132 -2.385057 2.961776 -1.425112 2.374901 0.991044 0.856563 0.360383 0.996861 0.962668 15.561462 0.018377
 87002.804132 -2.372988 2.894447 -1.211833 2.262113 0.892125 0.967320 0.369453 0.996821 0.961749 15.580423 0.019555
 87003.004132 -2.612185 2.973735 -1.432216 2.341053 0.954470 1.344077 0.387704 0.996775 0.964075 15.553536 0.020726
 87003.204132 -2.069164 2.793550 -1.238122 2.325392 0.846418 0.956687 0.337336 0.996665 0.963420 15.583027 0.021900
 87003.404132 -2.730330 2.648622 -1.222733 2.344770 0.976365 1.128574 0.457507 0.996988 0.965057 15.499116 0.023215
 87003.604132 -2.947198 2.751041 -1.085600 2.651767 1.171814 1.322179 0.580120 0.997011 0.969852 15.371899 0.024340
 87003.804132 -2.697472 2.752235 -1.244770 2.620130 0.680743 1.233976 0.420167 0.997029 0.968409 15.412194 0.025456
 87004.004132 -2.670957 2.576963 -1.085950 2.528045 0.867744 1.484593 0.487396 0.996975 0.967015 15.457858 0.026591
 87004.204132 -2.677925 2.784520 -1.514990 2.476350 0.879623 1.323844 0.440049 0.996948 0.967229 15.507866 0.027729
 87004.404132 -2.668943 2.790943 -1.110020 2.370218 0.951881 0.664392 0.463964 0.997062 0.964337 15.550641 0.028882
 87004.604132 -2.700724 2.662400 -1.150701 2.249808 0.899282 0.825944 0.487671 0.997014 0.962936 15.581920 0.030034
 87004.804133 -2.346300 2.627880 -0.995567 2.519580 1.196183 0.525904 0.507869 0.997112 0.963067 15.563323 0.031208
 87005.004133 -2.397102 2.649485 -1.086936 2.437415 0.929079 1.093168 0.472731 0.996965 0.964486 15.564426 0.032404
 87005.204133 -2.707838 2.488669 -1.120530 2.344654 0.964917 0.969344 0.570063 0.997015 0.963005 15.580706 0.033576
 87005.404133 -2.925904 2.303928 -1.099086 2.579420 1.170593 1.219088 0.616197 0.996960 0.964929 15.556861 0.034787
 87005.604133 -2.287670 2.360146 -1.147596 2.444002 0.993393 1.319691 0.425648 0.996810 0.961067 15.640427 0.035978
 87005.804133 -1.769696 2.326264 -1.176250 2.604819 1.330215 1.265867 0.471145 0.996303 0.962402 15.709368 0.037250
 87006.004133 -1.178791 2.593752 -1.478177 2.300834 0.927206 0.921625 0.413215 0.995574 -0.321068 17.483106 0.038987
 87006.204133 -1.512017 2.699818 -1.295984 2.363500 0.831894 1.209393 0.394106 0.996301 -0.266633 17.461349 0.041415
 87006.404133 -0.406398 2.617742 -1.462070 2.322735 0.967208 0.668501 0.606379 0.994164 -0.420627 17.983608 0.043966
 87006.604133 -1.439626 2.383648 -0.891379 2.272842 0.815578 1.154244 0.467472 0.996057 -0.306954 17.388019 0.046383
 87006.804133 -1.199960 2.686446 -1.252700 2.450945 0.872303 1.307188 0.425723 0.995534 -0.316806 17.498940 0.049128
 87007.004133 -2.230541 2.628144 -0.853394 2.598291 1.502977 1.360117 0.550939 0.996918 0.965202 15.558627 0.050800
 87007.204133 -2.036701 2.738169 -1.305105 2.628137 1.219654 1.186515 0.413413 0.996771 0.966091 15.564685 0.052338
 87007.404133 -1.353476 2.626409 -1.341707 2.240000 0.780207 0.880209 0.370822 0.995997 -0.296416 17.390736 0.054874
 87007.604133 -1.551973 3.028343 -1.821475 2.245582 0.693352 0.916035 0.295402 0.996101 -0.301185 17.374205 0.057425
 87007.804133 -1.080118 2.626179 -1.312779 2.569296 1.184822 0.887712 0.534631 0.995526 -0.313617 17.483723 0.060312
 87008.004133 -0.972283 2.741551 -1.385601 2.560355 1.175719 0.822723 0.524595 0.995227 -0.337419 17.698636 0.063022
 87008.204133 -1.483051 2.686979 -1.259728 2.462609 1.109341 0.995574 0.457895 0.996419 -0.252136 17.554193 0.065648
 87008.404133 -1.034617 2.543305 -1.498561 2.372345 0.884984 0.702576 0.485160 0.995318 -0.336442 17.716343 0.068421
 87008.604133 -1.350472 2.971542 -1.479901 2.286267 0.883926 0.993642 0.351320 0.995740 -0.317762 17.510256 0.071099
 87008.804133 -1.122884 2.998767 -1.367692 2.362557 1.169511 0.277353 0.372603 0.995484 -0.330049 17.639861 0.074059
 87009.004133 -1.495172 2.683528 -1.098507 2.088349 1.021518 0.394893 0.376507 0.996472 -0.294078 17.345906 0.076872
 87009.204133 -1.060391 2.664020 -1.241013 2.458220 1.262703 0.352905 0.493028 0.995619 -0.308264 17.481011 0.079369
 87009.404133 -1.507348 2.918516 -1.629998 2.388174 0.972784 0.775574 0.306796 0.996324 -0.267924 17.459380 0.081982
 87009.604133 -1.084881 2.350083 -1.271075 2.378515 1.072600 0.738280 0.491549 0.995412 -0.339588 17.734564 0.084574
 87009.804133 -1.833334 2.562127 -1.137393 2.207338 1.017674 0.598305 0.389248 0.997071 -0.281906 17.286159 0.087128
 87010.004133 -1.275946 2.962032 -1.821497 2.232949 0.844279 0.863747 0.375452 0.995535 -0.330962 17.641281 0.089744
 87010.204133 -1.423386 2.718756 -1.591954 2.332613 1.190358 0.634265 0.409955 0.996330 -0.266797 17.474796 0.092527
 87010.404133 -1.462091 2.613366 -1.452850 2.502143 0.895098 1.142243 0.414157 0.996312 -0.255740 17.544216 0.095072
 87010.604133 -1.228546 2.759468 -1.437383 2.346323 1.095928 0.465496 0.440173 0.995887 -0.293876 17.455471 0.097612
 87010.804133 -1.525678 2.438583 -0.926877 2.373947 1.059243 0.553126 0.536439 0.996602 -0.264891 17.445674 0.100215
 87011.004133 -0.956485 2.360496 -0.950961 2.227167 1.007863 0.712374 0.555025 0.995020 -0.370200 18.119089 0.102893
 87011.204133 -1.191465 2.303443 -0.757536 2.288789 0.961788 0.557182 0.546595 0.995626 -0.333563 17.690383 0.105580
 87011.404133 -1.394013 2.547893 -1.352705 2.400522 1.250807 0.615180 0.428162 0.996361 -0.265395 17.477305 0.108311
 87011.604133 -1.285322 2.387556 -0.898765 2.669806 1.148016 0.734743 0.577963 0.996130 -0.272735 17.477707 0.110824
 87011.804133 -1.361337 2.444954 -1.032856 2.224979 0.955431 0.868858 0.458340 0.996018 -0.308261 17.457717 0.113429
 87012.004133 -1.184795 2.245139 -0.985044 2.748317 1.322387 0.923652 0.594312 0.995777 -0.311306 17.503865 0.116021
 87012.204133 -1.061981 2.307569 -1.516347 2.568891 1.107137 0.546299 0.482911 0.995501 -0.327098 17.686477 0.118952
 87012.404133 -1.110148 2.391143 -0.919658 2.601355 1.106462 1.137145 0.557146 0.995457 -0.325679 17.680985 0.121683
 87012.604133 -2.059612 2.669508 -1.160686 2.593098 1.026337 1.026991 0.420952 0.996821 0.965894 15.560558 0.124209
 87012.804133 -2.226177 2.916165 -1.275752 2.308969 0.631118 1.196635 0.302587 0.996636 0.963136 15.642913 0.125456
 87013.004133 -2.433750 2.985918 -1.346082 2.502255 0.780615 1.049491 0.384695 0.996851 0.964806 15.577689 0.126640
 87013.204133 -2.846452 2.591096 -1.090820 2.321585 0.816282 0.986476 0.506737 0.996985 0.965691 15.537163 0.127830
 87013.404133 -2.322912 2.866836 -1.261923 2.391916 0.973664 0.729851 0.375577 0.996931 0.963099 15.593485 0.129017
 87013.604133 -2.516697 3.067318 -1.294313 2.604466 0.817664 1.132419 0.383208 0.996834 0.965052 15.575792 0.130199
 87013.804133 -2.665526 3.069564 -1.023060 2.522738 1.099582 1.153360 0.445066 0.996835 0.964807 15.580423 0.131408
 87014.004133 -2.432646 3.134317 -1.156456 2.680120 1.060673 1.154008 0.389956 0.996785 0.963661 15.609423 0.132614
 87014.204133 -2.423497 3.130711 -1.065737 2.503269 1.001720 0.939591 0.386568 0.996751 0.962195 15.686552 0.133838
 87014.404133 -2.939260 3.096345 -1.068043 2.336313 0.835153 0.849593 0.454765 0.996726 0.964930 15.646030 0.135088
 87014.604133 -2.112032 2.996341 -1.055138 2.580564 1.082343 1.136414 0.379714 0.996653 0.964609 15.664490 0.136347
 87014.804133 -2.443953 2.964528 -1.138318 2.464269 0.861470 1.156923 0.397014 0.996835 0.964649 15.633012 0.137612
 87015.004133 -2.227321 3.018803 -1.445428 2.355571 1.015242 0.705786 0.304409 0.996746 0.961395 15.697244 0.138844
 87015.204133 -2.619933 2.683080 -1.051035 2.478995 0.992721 0.998997 0.476605 0.997058 0.965685 15.574455 0.140054
 87015.404133 -2.565744 2.474256 -1.096148 2.374831 1.115876 0.882874 0.461037 0.997040 0.961345 15.647848 0.141269
 87015.604133 -2.551214 2.913048 -1.071317 2.310280 0.968066 1.368108 0.412431 0.996795 0.963747 15.655904 0.142487
 87015.804133 -2.699148 2.904038 -1.112324 2.522206 0.828986 1.173820 0.418515 0.996943 0.967100 15.561259 0.143682
 87016.004133 -2.305360 2.969122 -1.070354 2.212743 1.012299 0.963315 0.376102 0.996714 0.959892 15.717374 0.144882
 87016.204133 -1.332110 3.141421 -1.343688 2.487647 1.039714 1.125167 0.346599 0.995549 -0.333072 17.728818 0.146934
 87016.404133 -1.391760 -3.056272 -1.570015 2.663703 1.212093 1.512919 0.356557 0.995528 -0.337021 17.765058 0.149718
 87016.604133 -2.382070 2.896418 -1.055017 2.774836 1.380939 1.171640 0.460044 0.997028 0.965660 15.628551 0.151599
 87016.804133 -2.306859 -3.049676 -1.526033 2.418973 0.877391 1.340629 0.306715 0.996333 0.959533 15.833411 0.152827
 87017.004133 -0.749436 2.516879 -0.778591 2.433214 0.974939 0.842138 0.646016 0.994646 -0.385443 18.181305 0.154930
 87017.204133 -2.012331 2.460495 -0.569170 2.198155 1.013368 0.999430 0.496099 0.996533 0.959863 15.797181 0.157173
 87017.404133 -2.361245 3.079906 -1.212476 2.311443 1.123357 0.840556 0.341973 0.996731 0.959610 15.765851 0.158412
 87017.604133 -1.898696 -2.894981 -1.476405 2.493604 1.244545 0.336776 0.240398 0.996631 -0.355610 17.827671 0.160934
 87017.804133 -2.274170 -2.985329 -1.115077 2.787663 1.076715 1.277557 0.360372 0.996469 0.960232 15.804711 0.162454
 87018.004133 -2.646778 -2.829463 -1.341334 2.363924 0.811987 1.198396 0.362166 0.996062 0.952920 15.932327 0.163723
 87018.204133 -2.021807 2.993443 -1.076096 2.559419 1.150907 1.200979 0.395112 0.996527 0.964379 15.784152 0.165122
 87018.404133 -2.302497 3.042147 -0.946258 2.452026 1.014191 1.065410 0.371831 0.996715 0.963080 15.774772 0.166448
 87018.604133 -2.378138 -3.049501 -1.054329 2.365819 0.907258 0.732344 0.364473 0.996570 0.957903 15.854204 0.167732
 87018.804133 -1.951877 3.119725 -0.906470 2.721945 1.336018 0.918183 0.408588 0.996481 0.963439 15.808379 0.169176
 87019.004133 -2.588792 -3.140617 -0.994126 2.387929 1.329269 0.926998 0.475321 0.996768 0.960534 15.798203 0.170469
 87019.204133 -1.927845 2.984030 -0.732571 2.678025 1.129646 0.931267 0.434666 0.996535 0.965791 15.753877 0.171744
 87019.404133 -2.842929 2.983957 -0.897486 2.678899 1.164346 1.024161 0.498907 0.996992 0.968046 15.620376 0.173024
 87019.604133 -2.762258 2.841786 -1.353529 2.421647 0.802874 1.046294 0.375376 0.996961 0.966775 15.659047 0.174273
 87019.804133 -2.335604 2.955548 -1.037453 2.461541 0.914129 0.982574 0.384007 0.996837 0.964142 15.736308 0.175498
 87020.004133 -2.542530 2.598836 -1.291714 2.803554 0.923796 1.095126 0.435364 0.997150 0.966577 15.631890 0.176713
 87020.204133 -2.643182 2.590984 -1.237007 2.337143 0.914424 0.979338 0.409727 0.997016 0.963607 15.764681 0.177965
 87020.404133 -2.897518 2.828466 -1.294797 2.523084 1.061341 1.216964 0.509009 0.996961 0.968597 15.659005 0.179218
 87020.604133 -2.608037 2.772811 -1.297284 2.404525 1.037022 0.985304 0.479543 0.997015 0.964771 15.743673 0.180444
 87020.804133 -2.618571 2.339811 -1.062176 2.573853 0.976466 1.078264 0.529037 0.997025 0.962591 15.778927 0.181718
 87021.004133 -3.134101 2.587701 -1.285952 2.369728 1.154003 0.509330 0.542084 0.997017 0.968198 15.661172 0.182993
 87021.204133 -2.907346 2.758776 -1.097443 2.696180 1.099956 1.256465 0.574602 0.997050 0.969729 15.608890 0.184252
 87021.404133 -2.432381 2.989684 -1.672269 2.462319 0.930838 1.196091 0.364860 0.996786 0.964802 15.781810 0.185476
 87021.604133 -2.574165 2.954735 -1.218900 2.497275 1.283243 0.891682 0.444885 0.996995 0.964003 15.761464 0.186729
 87021.804133 -2.710381 2.364550 -0.849977 2.073785 1.061384 0.753824 0.549231 0.996923 0.954535 15.868903 0.188032
 87022.004133 -2.586163 2.682093 -1.071516 2.376533 0.946065 0.916135 0.489248 0.997031 0.964224 15.751298 0.189382
 87022.204133 -2.068052 2.447766 -0.867308 2.419948 0.984285 1.130217 0.499387 0.996686 0.962850 15.881224 0.190690
 87022.404133 -2.335393 2.487425 -1.042311 2.226850 1.070387 0.838934 0.430267 0.996916 0.958345 15.888723 0.192078
 87022.604133 -2.742325 2.781513 -1.148915 2.509947 0.972908 1.319229 0.513635 0.996976 0.967593 15.733440 0.193395
 87022.804133 -2.630322 2.829012 -1.086304 2.200973 0.794080 0.957979 0.419447 0.996904 0.962451 15.850140 0.194718
 87023.004133 -1.940461 2.946910 -1.431727 2.693117 1.110949 1.315341 0.357797 0.996494 0.965857 15.857439 0.196033
 87023.204133 -2.735914 2.757029 -1.161009 2.502703 1.103059 0.861316 0.476433 0.997091 0.966302 15.746387 0.197449
 87023.404133 -2.652626 2.667454 -0.970621 2.196027 0.860304 0.926407 0.473293 0.996963 0.962192 15.843667 0.198756
 87023.604133 -2.281251 2.731900 -0.865165 2.589498 1.197994 0.866673 0.491489 0.997018 0.965322 15.780701 0.200054
 87023.804133 -2.601816 -3.031730 -1.451780 2.430426 1.075786 0.597219 0.360213 0.996713 0.958925 15.918547 0.201364
 87024.004133 -2.406324 2.985670 -1.058821 2.492698 0.923751 1.104331 0.384170 0.996832 0.964475 15.829071 0.202690
 87024.204133 -2.119060 3.011934 -1.089509 2.326430 0.876655 1.029965 0.376475 0.996525 0.961814 15.970517 0.204064
 87024.404133 -2.025232 2.802707 -0.948549 2.488708 1.152271 0.977517 0.418079 0.996707 0.965093 15.886203 0.205425
 87024.604133 -2.461828 2.950096 -1.192097 2.496974 1.205378 0.683123 0.417209 0.997010 0.963269 15.868021 0.206827
 87024.804133 -2.346406 2.859012 -1.533160 2.295040 0.669609 0.991487 0.300213 0.996808 0.963319 15.901495 0.208240
 87025.004133 -2.210703 2.909742 -1.393182 2.504990 0.675278 1.447885 0.305404 0.996651 0.965686 15.883020 0.209592
 87025.204133 -1.762473 2.878920 -1.596047 2.169766 0.847751 0.891468 0.268620 0.996715 -0.279960 17.392883 0.211740
 87025.404133 -1.588209 2.577317 -1.017139 2.411296 1.024495 1.113718 0.411284 0.996575 -0.251313 17.559141 0.214301
 87025.604133 -2.016950 2.723494 -1.312705 2.238680 1.030553 1.213611 0.324385 0.996532 0.962078 15.966024 0.215955
 87025.804134 -1.514344 2.747831 -1.220680 2.370803 0.908176 0.869844 0.351889 0.996434 -0.257618 17.529725 0.217780
 87026.004134 -1.873198 2.300983 -0.866611 2.272780 1.013606 1.125283 0.434234 0.996265 0.958340 16.046059 0.219979
 87026.204134 -1.039188 2.825553 -1.011149 2.240638 0.763795 1.285885 0.439988 0.994947 -0.368610 18.130054 0.223006
 87026.404134 -1.404283 2.493290 -0.931126 2.184130 0.900207 0.992188 0.411536 0.996053 -0.306544 17.485121 0.225915
 87026.604134 -1.250438 2.584751 -1.261947 2.525943 1.062109 1.214988 0.415408 0.995799 -0.294941 17.502837 0.228770
 87026.804134 -0.864305 2.703270 -1.461869 2.350992 1.022212 0.969025 0.519911 0.994807 -0.374499 18.167436 0.231804
 87027.004134 -1.332664 2.300149 -1.041099 2.109312 0.863893 1.054473 0.436348 0.995719 -0.352099 17.888945 0.234855
 87027.204134 -1.205787 2.585831 -1.045147 2.446534 0.936514 1.350683 0.515806 0.995555 -0.316783 17.602552 0.237465
 87027.404134 -1.884064 2.656866 -1.101405 2.669378 1.294726 1.095426 0.459361 0.996658 0.966306 15.913471 0.240128
 87027.604134 -2.714498 2.676805 -1.340714 2.498605 0.889256 1.394213 0.460334 0.996977 0.967423 15.831272 0.241514
 87027.804134 -2.385252 2.525938 -1.158166 2.269901 0.933053 1.044285 0.460046 0.996906 0.960714 15.965242 0.242915
 87028.004134 -2.497971 2.716190 -1.058667 2.432671 0.834229 0.940377 0.439918 0.997013 0.964953 15.883368 0.244287
 87028.204134 -2.457036 2.750774 -0.598348 1.914606 0.973564 0.542125 0.559589 0.997404 -0.357025 17.754978 0.246822
 87028.404134 -2.452230 2.774388 -1.336288 2.483025 1.210846 0.971656 0.454312 0.997025 0.964377 15.940432 0.249982
 87028.604134 -2.465825 2.579400 -0.977710 2.398506 1.107714 1.345778 0.558936 0.996932 0.963925 15.964559 0.251353
 87028.804134 -2.366488 2.397759 -0.912747 2.217555 0.943595 1.074304 0.478904 0.996826 0.957985 16.048325 0.252768
 87029.004134 -2.639291 2.513635 -0.857011 2.395080 0.996493 1.331973 0.567434 0.996948 0.964690 15.947563 0.254166
 87029.204134 -2.159651 2.572410 -1.126555 2.308901 0.830515 1.347613 0.400146 0.996683 0.962848 16.024144 0.255562
 87029.404134 -1.949502 2.759287 -1.554338 2.293894 0.948841 1.068143 0.329485 0.996559 0.936175 16.259452 0.257125
 87029.604134 -2.461272 2.375912 -1.204111 2.133308 0.849304 0.937223 0.444452 0.996860 0.955061 16.062929 0.258716
 87029.804134 -2.597538 2.573015 -1.194568 2.279077 0.542719 1.551763 0.441133 0.996827 0.964318 15.975117 0.260104
 87030.004134 -2.562867 2.404694 -1.075229 2.047654 0.765926 1.181619 0.435654 0.996800 0.955266 16.071773 0.261493
 87030.204134 -3.043213 2.727860 -0.991966 2.027811 0.626572 0.907539 0.532701 0.996780 0.964087 16.032899 0.263011
 87030.404134 -2.408113 2.701583 -1.147299 2.382754 0.955999 1.558748 0.413064 0.996833 0.964818 16.009836 0.264401
 87030.604134 -2.649079 2.616349 -1.096172 2.598239 1.126540 1.184348 0.500987 0.997084 0.966441 15.931017 0.265779
 87030.804134 -2.547806 2.990659 -1.313830 2.536510 1.271360 0.495204 0.389857 0.997061 0.963040 16.002961 0.267177
 87031.004134 -2.755814 2.653164 -1.207948 2.473925 1.062999 1.456700 0.501581 0.996970 0.967130 15.932615 0.268591
 87031.204134 -2.661896 2.558872 -1.344001 2.282167 0.813363 1.495796 0.476967 0.996868 0.964077 16.018177 0.269969
 87031.404134 -2.841710 2.653407 -1.442289 2.366421 1.006389 0.834384 0.535374 0.997046 0.965929 15.949670 0.271339
 87031.604134 -2.655357 2.578821 -1.582704 2.351948 1.037852 0.731041 0.445931 0.997074 0.963256 15.997425 0.272732
 87031.804134 -2.742634 2.718298 -1.394040 2.377446 0.832250 0.902653 0.475453 0.997025 0.965840 15.955202 0.274126
 87032.004134 -2.477116 2.746966 -1.306694 2.462619 0.843412 1.102585 0.434171 0.996976 0.965480 15.971544 0.275511
 87032.204134 -2.715305 2.875880 -1.479204 2.548491 1.019363 0.884052 0.464382 0.997048 0.966788 15.975641 0.276929
 87032.404134 -2.820126 2.552956 -1.569702 2.445427 0.915001 0.938295 0.498113 0.997046 0.966517 15.982718 0.278320
 87032.604134 -2.092380 2.325292 -1.171838 2.418153 0.873203 1.203506 0.469361 0.996632 0.960432 16.154973 0.279794
 87032.804134 -2.560951 2.861196 -1.820782 2.347323 0.985950 0.999027 0.414804 0.996912 0.964938 16.041331 0.281229
 87033.004134 -2.172894 2.469131 -1.228202 2.258007 0.640017 0.981568 0.409653 0.996744 0.960489 16.135645 0.282683
 87033.204134 -2.590630 2.545360 -1.294069 2.353333 0.816477 0.957920 0.444113 0.997011 0.963237 16.055603 0.284122
 87033.404134 -2.541236 2.435812 -1.237803 2.542355 1.037286 0.852263 0.486289 0.997089 0.962595 16.052106 0.285539
 87033.604134 -2.393905 2.474280 -1.119668 2.294503 0.869943 1.136901 0.473103 0.996881 0.960902 16.108340 0.286996
 87033.804134 -1.699233 2.552264 -1.355632 2.508348 1.044096 1.033953 0.414954 0.996264 0.959124 16.227369 0.288487
 87034.004134 -2.549935 2.561359 -1.395701 2.389673 1.040826 1.015210 0.488955 0.997021 0.963239 16.053870 0.290153
 87034.204134 -2.356495 2.331714 -0.981135 2.343844 1.034675 0.913462 0.482473 0.996892 0.957927 16.177056 0.291637
 87034.404134 -2.236113 2.725469 -1.475829 2.519716 0.930466 1.077605 0.411645 0.996896 0.965597 16.076508 0.293116
 87034.604134 -2.170692 2.464802 -1.269868 2.658342 1.204769 0.901456 0.442063 0.996982 0.963380 16.104985 0.294584
 87034.804134 -2.421807 2.176499 -0.955178 2.634682 0.915131 1.308822 0.533454 0.996832 0.958931 16.179927 0.296064
 87035.004134 -2.524520 2.352712 -1.238400 2.520377 0.946288 0.905431 0.470631 0.997031 0.961232 16.126147 0.297543
 87035.204134 -2.506602 2.144655 -1.176133 2.410751 0.826844 1.241931 0.463862 0.996745 0.955388 16.218523 0.299079
 87035.404134 -2.780013 2.203408 -0.908243 2.290205 0.848925 0.642490 0.574574 0.996911 0.956461 16.183689 0.300604
 87035.604134 -2.643779 2.032573 -1.364199 2.279552 0.789021 1.272177 0.503324 0.996568 0.949499 16.281791 0.302143
 87035.804134 -1.940499 2.078213 -0.989802 2.408743 0.857581 0.909245 0.524557 0.996269 0.953036 16.312776 0.303692
 87036.004134 -1.929074 1.952777 -1.200350 2.587129 1.074813 1.252632 0.476581 0.996063 0.949583 16.366798 0.305305
 87036.204134 -2.142406 1.979269 -1.145902 2.546069 1.087608 1.223335 0.559019 0.996391 0.948954 16.359661 0.306954
 87036.404134 -2.387237 1.945667 -1.333993 2.152043 0.827710 0.675380 0.453937 0.996479 0.935453 16.437900 0.308612
 87036.604134 -1.647811 2.123830 -1.290543 2.430441 0.721671 1.040767 0.443475 0.995701 0.956359 16.430715 0.310317
 87036.804134 -2.414931 2.375762 -1.592898 2.249616 0.835648 0.856856 0.411871 0.996895 0.958073 16.219427 0.312042
 87037.004134 -1.750298 2.195595 -1.082389 2.321619 0.986548 0.994853 0.492857 0.996018 0.956388 16.378236 0.313593
 87037.204134 -1.019220 2.176429 -1.342159 2.327564 0.971897 0.852785 0.495012 0.995024 -0.379167 18.156325 0.316263
 87037.404134 -1.320350 2.025437 -1.112597 2.386569 1.070623 0.992523 0.490747 0.995561 -0.380785 18.110883 0.319371
 87037.604134 -1.582493 2.173314 -0.855170 2.483816 0.885800 1.461458 0.498431 0.995458 0.957898 16.459740 0.321432
 87037.804134 -1.794130 2.399442 -1.313245 2.618583 1.124973 1.148115 0.445084 0.996415 0.964046 16.231063 0.322998
 87038.004134 -0.675968 2.403675 -1.482958 2.561047 1.102274 1.121827 0.635585 0.994493 -0.397296 18.145992 0.325516
 87038.204134 -1.043084 2.377715 -1.474302 2.451543 0.957705 1.473190 0.482134 0.995057 -0.360457 18.073097 0.327970
 87038.404134 -1.227363 2.054976 -0.938769 2.080527 0.806114 0.845110 0.512767 0.995237 -0.409666 18.044417 0.331065
 87038.604134 -1.678369 2.059094 -0.855757 2.119929 0.876791 0.793092 0.496996 0.996328 -0.411270 17.947509 0.333993
 87038.804134 -1.098683 1.763874 -1.205744 2.452015 1.153596 0.659481 0.547684 0.994764 -0.447606 17.929427 0.337988
 87039.004134 -1.401754 2.286866 -1.102224 2.229261 0.708013 1.216578 0.432218 0.995850 -0.334890 17.717577 0.341160
 87039.204134 -1.314680 2.457209 -1.464335 2.585999 1.036946 1.031359 0.440902 0.996050 -0.277971 17.497347 0.343792
 87039.404134 -1.331435 2.756992 -1.722129 2.226571 0.637195 1.262995 0.340626 0.995670 -0.316688 17.591093 0.346658
 87039.604134 -1.196781 -3.122162 -1.981736 2.202315 0.987866 0.601308 0.376039 0.995150 -0.368608 18.138529 0.349586
 87039.804134 -0.989652 2.238383 -0.456033 2.274768 0.950847 0.731065 0.677788 0.994945 -0.377349 18.192368 0.352559
 87040.004134 -1.170856 2.675030 -1.554988 2.492820 1.107630 0.482305 0.400636 0.995840 -0.288365 17.502715 0.355259
 87040.204134 -1.550981 2.722900 -1.521948 2.379999 0.905795 0.727250 0.347757 0.996571 -0.247166 17.622697 0.357953
 87040.404134 -1.628330 2.666439 -1.293639 2.377318 1.130382 0.488844 0.431431 0.996859 -0.241241 17.653426 0.360464
 87040.604134 -1.711186 2.190642 -1.267297 2.326150 0.737813 1.085538 0.457779 0.995857 0.956776 16.402140 0.362362
 87040.804134 -0.739488 2.274584 -1.538630 2.204478 0.847461 0.719338 0.599138 0.994499 -0.405641 18.128478 0.365245
 87041.004134 -1.554658 2.389837 -1.363507 2.500457 0.913703 0.932304 0.487584 0.996564 -0.257814 17.539510 0.367882
 87041.204134 -1.196883 2.419132 -1.207207 2.385029 0.967274 1.086407 0.512255 0.995584 -0.324285 17.686191 0.370771
 87041.404134 -1.494070 2.778433 -1.611770 2.336085 0.999378 0.587862 0.350508 0.996452 -0.258291 17.552107 0.373257
 87041.604134 -1.095192 3.012211 -1.524160 2.332379 1.164950 0.818731 0.427057 0.995176 -0.354583 18.002325 0.376120
 87041.804134 -1.509846 2.727557 -1.261325 2.412531 1.093718 0.925675 0.422178 0.996461 -0.253755 17.580446 0.378819
 87042.004134 -1.154051 2.791834 -1.458338 2.407591 0.773911 0.913191 0.387143 0.995474 -0.322130 17.684634 0.381429
 87042.204134 -1.440694 2.835249 -1.262595 2.035785 0.832837 0.618474 0.361476 0.996141 -0.315469 17.586397 0.384205
 87042.404134 -1.456328 3.026679 -1.684074 2.541684 0.725524 1.257816 0.344692 0.995927 -0.291459 17.553360 0.386891
 87042.604134 -1.417170 2.566761 -1.137524 2.694087 0.976977 1.366352 0.479478 0.996108 0.227651 20.329117 0.389728
 87042.804134 -1.195453 3.061430 -1.586559 2.437490 0.807527 1.091584 0.386948 0.995251 -0.347236 17.950379 0.392757
 87043.004134 -1.374544 2.501155 -0.961465 2.421654 0.777420 1.171882 0.477662 0.996013 -0.286379 17.544725 0.395618
 87043.204134 -1.313743 2.653698 -1.345189 2.664794 1.064560 1.042660 0.445090 0.996112 -0.262120 17.591245 0.398369
 87043.404134 -1.328522 2.808404 -1.445008 2.600427 0.728962 1.395987 0.403815 0.995833 -0.287322 17.569588 0.401155
 87043.604134 -1.948098 2.688701 -1.491998 2.242869 0.634863 1.076847 0.319502 0.996619 0.876522 18.523856 0.402839
 87043.804134 -1.669165 2.601589 -1.333097 2.501999 0.631514 1.416884 0.365973 0.995954 0.964530 16.298300 0.404399
 87044.004134 -1.733434 2.387274 -1.562647 2.344305 0.916312 1.245544 0.399349 0.996041 0.961260 16.335159 0.406000
 87044.204134 -1.338612 2.567941 -1.419563 2.445516 0.994612 0.803023 0.490288 0.996134 -0.273183 17.553848 0.409039
 87044.404134 -0.996501 2.470298 -1.490871 2.692217 1.189663 0.756885 0.617877 0.995423 -0.321777 17.726309 0.411880
 87044.604134 -1.132967 2.308935 -1.389428 2.451455 1.154129 0.688559 0.625570 0.995578 -0.328526 17.756374 0.414845
 87044.804134 -0.983731 2.427621 -1.539754 2.381282 1.085356 0.879528 0.606559 0.995130 -0.354377 18.032021 0.417958
 87045.004134 -1.240162 2.635151 -2.464892 2.326250 1.100012 0.922307 0.611487 0.995550 -0.313246 17.655007 0.421212
 87045.204134 -1.048699 2.676934 -2.370938 2.237518 0.855288 0.760217 0.619209 0.995071 -0.353718 18.031302 0.423945
 87045.404134 -1.148340 2.309537 -1.884589 2.080170 0.987099 0.397682 0.543629 0.995458 -0.357150 18.027718 0.427279
 87045.604134 -1.089251 1.670485 -1.832338 2.406047 0.781770 0.992668 0.638685 0.994390 -0.465865 18.128295 0.430733
 87045.804134 -1.002711 2.069809 -2.313552 2.105214 0.958808 0.941338 0.697426 0.994619 -0.413832 18.054432 0.433914
 87046.004134 -1.438595 2.453714 -2.388927 2.042915 0.917506 0.500669 0.580419 0.996084 -0.308906 17.561619 0.436958
 87046.204134 -1.303300 2.575304 -2.590134 2.467760 0.931668 0.869507 0.617914 0.995753 -0.288970 17.613279 0.439739
 87046.404134 -1.668937 2.666632 -2.609868 2.256835 0.946263 0.726408 0.565398 0.996550 -0.238205 17.746244 0.442498
 87046.604134 -1.618956 2.687506 -2.328979 2.111585 1.019826 0.484381 0.482988 0.996555 -0.267321 17.531881 0.445132
 87046.804135 -1.231626 2.481686 -2.398843 2.015879 0.838576 0.988970 0.526162 0.995351 -0.350430 17.992079 0.448135
 87047.004135 -1.037920 2.645790 -2.409924 2.063555 0.980308 0.917146 0.571143 0.994943 -0.370100 18.201664 0.451284
 87047.204135 -1.270315 2.763093 -2.518687 2.211249 0.798330 0.887386 0.506872 0.995475 -0.322919 17.763829 0.454370
 87047.404135 -1.746230 2.945970 -2.689833 2.156884 0.993393 0.683961 0.540379 0.996478 -0.262990 17.556660 0.457155
 87047.604135 -1.466945 2.989121 -2.637438 2.204444 1.178420 0.286364 0.551080 0.996020 -0.290219 17.574648 0.459798
 87047.804135 -1.389431 2.745181 -2.522748 1.749803 0.715521 0.371436 0.454404 0.995831 -0.344306 17.884168 0.462840
 87048.004135 -0.911648 2.558707 -2.366303 2.337756 1.005602 0.893712 0.656383 0.994792 -0.373824 18.227153 0.465635
 87048.204135 -1.028863 2.585792 -2.582680 2.230199 0.859813 1.125341 0.667418 0.994847 -0.371019 18.248724 0.469027
 87048.404135 -1.093915 2.525008 -2.479661 2.457664 0.582659 1.338349 0.602803 0.995014 -0.353914 18.090324 0.472077
 87048.604135 -1.329259 2.724328 -2.775272 2.360494 1.061131 0.859691 0.659871 0.995684 -0.296098 17.630315 0.475146
 87048.804135 -2.042915 2.816159 -2.680378 2.219732 1.073672 0.495465 0.539263 0.997113 -0.219823 17.937531 0.477873
 87049.004135 -0.995906 2.544000 -2.235783 1.996853 1.031437 0.408037 0.551708 0.995065 -0.367037 18.208790 0.480721
 87049.204135 -1.777636 2.862425 -2.712119 1.614566 1.161795 0.610608 0.495888 0.996499 -0.376701 18.109675 0.483783
 87049.404135 -1.438183 2.396276 -2.269408 2.043944 0.838962 1.003945 0.443191 0.995881 -0.328808 17.771922 0.486424
 87049.604135 -1.217509 2.773981 -2.753170 1.708290 0.962998 0.500614 0.543130 0.995295 -0.368697 18.196879 0.489626
 87049.804135 -1.186401 2.688584 -2.642639 2.245051 1.114874 0.859003 0.604162 0.995329 -0.332165 17.868248 0.492569
 87050.004135 -1.702982 2.926200 -2.583546 2.170175 1.206965 0.682800 0.460268 0.996482 -0.265477 17.548668 0.495259
 87050.204135 -1.986360 2.819738 -2.582213 2.009398 0.949214 1.010187 0.428706 0.996823 -0.271829 17.520519 0.497922
 87050.404135 -1.288431 2.749009 -2.722732 1.904561 0.803018 0.763512 0.525319 0.995408 -0.344889 17.969646 0.500764
 87050.604135 -1.377195 2.442889 -2.368797 2.337240 0.993457 0.912052 0.513184 0.995914 -0.292578 17.625078 0.503739
 87050.804135 -1.604332 2.893020 -2.359510 2.052918 1.078861 0.603863 0.432525 0.996336 -0.292724 17.564054 0.506483
 87051.004135 -1.362419 2.908858 -2.400642 1.940620 0.970146 0.735640 0.454828 0.995625 -0.340530 17.907779 0.509296
 87051.204135 -1.069280 2.584766 -2.471458 1.847547 1.085866 0.815118 0.584010 0.995006 -0.378154 18.249670 0.512612
 87051.404135 -1.145340 2.804208 -2.654480 1.909913 0.815459 1.008523 0.528875 0.994961 -0.374434 18.249488 0.516030
 87051.604135 -1.402830 2.437369 -2.259319 2.024612 0.805114 0.805259 0.468789 0.995885 -0.325836 17.760093 0.518869
 87051.804135 -1.166772 2.406661 -2.424481 2.016379 1.082822 0.712334 0.574536 0.995302 -0.357118 18.096684 0.521880
 87052.004135 -1.260516 2.601380 -2.210027 2.237913 0.806597 0.967777 0.472972 0.995579 -0.318238 17.747199 0.524896
 87052.204135 -1.370757 2.474134 -2.659619 2.428731 0.953229 1.297284 0.561204 0.995696 -0.299061 17.693416 0.527735
 87052.404135 -1.385320 2.307177 -2.728557 2.327532 1.213903 0.199457 0.650838 0.996038 -0.288703 17.636846 0.530711
 87052.604135 -1.421363 2.649722 -2.328373 2.691007 1.084853 0.817670 0.515162 0.996315 -0.233124 17.875178 0.533603
 87052.804135 -1.481519 2.880569 -2.524845 2.084708 0.616701 0.925836 0.454052 0.995826 -0.308904 17.702742 0.536544
 87053.004135 -2.556225 2.863512 -2.675763 2.711872 0.927938 1.017817 0.639093 0.996923 0.971220 15.982833 0.538845
 87053.204135 -2.180510 2.696548 -2.614402 2.428581 0.879477 1.505210 0.529560 0.996504 0.968220 16.158178 0.540247
 87053.404135 -2.572384 2.431262 -2.523149 2.150572 0.889784 1.031648 0.582975 0.996766 0.963507 16.226598 0.541754
 87053.604135 -2.738262 2.466866 -2.692394 2.314014 0.980099 1.481200 0.706529 0.996698 0.968331 16.122303 0.543221
 87053.804135 -2.916922 2.332643 -2.382972 2.464672 1.231588 1.507671 0.729816 0.996750 0.967809 16.129406 0.544788
 87054.004135 -2.487310 2.652244 -2.600239 2.372339 1.333421 1.445499 0.631221 0.996771 0.968097 16.117206 0.545608
 87054.204135 -2.429287 2.531117 -2.768924 2.350369 1.131635 1.556377 0.655840 0.996649 0.967938 16.188810 0.546984
 87054.404135 -2.510664 2.408100 -2.444596 2.295134 1.132870 1.038738 0.611371 0.996836 0.964171 16.248850 0.548521
 87054.604135 -2.417713 2.691556 -2.516083 2.489891 1.090999 0.778060 0.570764 0.996956 0.968637 16.115653 0.550069
 87054.804135 -2.749829 2.680870 -2.585485 2.183692 0.918631 1.087134 0.604456 0.996776 0.967622 16.176714 0.551545
 87055.004135 -2.591985 2.747784 -2.355754 2.425325 0.907280 1.071825 0.457111 0.996900 0.968662 16.124388 0.553054
 87055.204135 -2.373591 2.750896 -2.266640 2.314862 0.795192 1.185756 0.441929 0.996750 0.966487 16.211926 0.554567
 87055.404135 -3.087761 2.000605 -1.507521 2.461399 0.977310 0.971586 0.695791 0.996573 0.957609 16.366795 0.556151
 87055.604135 -2.514492 2.589222 -2.384403 2.279331 0.833273 0.930139 0.460823 0.996877 0.966188 16.198039 0.557698
 87055.804135 -2.515421 2.484418 -1.864475 2.689358 1.078713 0.833390 0.470269 0.997129 0.965432 16.173045 0.559211
 87056.004135 -2.828121 2.719945 -1.733869 2.560294 1.072378 0.815529 0.524223 0.997102 0.968294 16.101836 0.560683
 87056.204135 -2.570128 2.447357 -1.400340 2.331303 0.947919 0.710625 0.422485 0.997042 0.960348 16.312525 0.562236
 87056.404135 -2.479331 2.650045 -1.278250 2.458132 0.944919 0.846299 0.451887 0.997059 0.964219 16.256422 0.563814
 87056.604135 -2.093817 2.835753 -1.513347 2.418631 1.047689 0.528016 0.339961 0.996847 0.962090 16.326516 0.565378
 87056.804135 -2.402638 2.716513 -1.341111 2.455700 0.739971 0.981749 0.385098 0.996975 0.965158 16.251650 0.566949
 87057.004135 -2.653226 2.678798 -1.501000 2.547315 1.190661 0.503053 0.462217 0.997188 0.964784 16.223277 0.568494
 87057.204135 -2.694982 2.524602 -1.393357 2.595736 1.142787 0.713642 0.516786 0.997171 0.964688 16.228189 0.570037
 87057.404135 -2.450008 2.724064 -1.226169 2.569025 1.099444 0.840887 0.441613 0.997091 0.964977 16.235772 0.571570
 87057.604135 -2.754749 2.751805 -1.325607 2.484733 0.886251 1.290473 0.447670 0.996974 0.967609 16.190267 0.573117
 87057.804135 -2.943839 2.560107 -1.123892 2.365698 0.953647 0.992646 0.553349 0.996982 0.966759 16.212132 0.574680
 87058.004135 -2.447007 2.776164 -1.288125 2.435355 1.255685 0.836434 0.487660 0.997038 0.963339 16.275579 0.576219
 87058.204135 -2.915548 2.514549 -1.024516 2.336325 0.526206 1.145061 0.513150 0.996902 0.966799 16.269806 0.577808
 87058.404135 -2.988165 2.883274 -1.037583 2.466810 1.124367 1.418933 0.514134 0.996820 0.968815 16.224183 0.579395
 87058.604135 -2.654747 3.002556 -1.037628 2.601054 0.984364 1.370650 0.440035 0.996867 0.966642 16.279847 0.580995
 87058.804135 -2.176492 2.711011 -1.214647 2.204617 0.990414 1.324823 0.369632 0.996659 0.961426 16.411920 0.582607
 87059.004135 -2.304872 2.910194 -1.098235 2.263058 0.763853 1.665293 0.376057 0.996562 0.962894 16.408560 0.584233
 87059.204135 -2.617463 3.138152 -1.027141 2.346704 1.154280 1.691039 0.411354 0.996527 0.961810 16.429505 0.585888
 87059.404135 -2.241409 2.933006 -1.133732 2.351404 0.868582 1.813759 0.321769 0.996510 0.963733 16.403407 0.587510
 87059.604135 -2.818139 2.431856 -1.215427 2.410748 1.079480 1.500580 0.478892 0.996907 0.965007 16.311814 0.589158
 87059.804135 -1.937732 2.861853 -1.168800 2.561230 1.142267 1.933231 0.348001 0.996318 0.965425 16.401556 0.590781
 87060.004135 -2.457411 -3.121935 -1.289001 2.184850 0.916297 1.840447 0.305138 0.996300 0.958060 16.499432 0.592495
 87060.204135 -2.817012 2.895125 -1.073653 2.535610 0.999385 1.655137 0.459444 0.996843 0.968343 16.278023 0.594131
 87060.404135 -2.623495 2.735721 -1.302076 2.391038 1.070495 1.022828 0.405790 0.997017 0.964657 16.343821 0.595724
 87060.604135 -2.715374 3.138279 -1.095702 2.514278 1.181160 1.249845 0.476511 0.996738 0.963926 16.405112 0.597354
 87060.804135 -2.563332 2.969276 -1.098778 2.236670 0.810758 1.031445 0.400397 0.996799 0.961899 16.426442 0.598995
 87061.004135 -2.063198 3.030169 -0.921823 2.466828 0.993057 0.705902 0.371788 0.996623 0.963156 16.437954 0.600650
 87061.204135 -2.774122 -3.054234 -1.158670 2.253065 1.113764 0.739948 0.405483 0.996631 0.958174 16.487233 0.602361
 87061.404135 -2.538601 2.611097 -0.910925 2.377350 1.038003 1.010921 0.466632 0.997010 0.963793 16.361565 0.603984
 87061.604135 -2.646038 2.881957 -0.974617 2.214344 1.200747 0.681981 0.492813 0.996976 0.960899 16.407913 0.605619
 87061.804135 -2.655719 3.001675 -1.134999 2.360047 0.957189 1.000760 0.404091 0.996857 0.963697 16.389231 0.607265
 87062.004135 -2.295825 2.759715 -0.919593 2.349249 0.938107 1.036615 0.412091 0.996859 0.963769 16.387578 0.608869
 87062.204135 -2.461388 2.833890 -0.773020 2.481455 1.224947 0.867774 0.488409 0.997014 0.964822 16.385649 0.610528
 87062.404135 -2.540306 2.937361 -1.101901 2.224488 1.097754 0.887891 0.395344 0.996876 0.960656 16.471717 0.612205
 87062.604135 -2.476835 2.897954 -1.326422 2.113538 0.700633 1.005042 0.320453 0.996778 0.959688 16.496304 0.613863
 87062.804135 -2.535364 2.703380 -1.138845 2.215132 0.809092 1.103195 0.385343 0.996905 0.962251 16.448605 0.615545
 87063.004135 -2.598175 2.811789 -1.197323 2.604779 1.099567 1.029959 0.414301 0.997071 0.966389 16.339534 0.617189
 87063.204135 -2.482865 2.797650 -0.884272 2.214785 0.904511 1.284559 0.415961 0.996810 0.962677 16.458571 0.618834
 87063.404135 -2.598858 2.907851 -1.081738 2.336388 0.987943 0.786081 0.424167 0.996965 0.963239 16.423539 0.620506
 87063.604135 -1.198959 2.975792 -1.093996 1.465261 0.411998 0.660420 0.361020 0.995221 -0.436229 17.884921 0.622337
 87063.804135 -1.124688 2.856810 -0.994496 2.174530 0.719123 0.986277 0.414923 0.995206 -0.353662 18.096884 0.625228
 87064.004135 -1.407318 2.940831 -1.026234 2.235834 1.056980 0.781162 0.366658 0.996011 -0.304680 17.662137 0.628169
 87064.204135 -1.593973 2.975862 -0.978045 2.104663 0.622048 1.101391 0.312356 0.996157 -0.315520 17.725370 0.630924
 87064.404135 -1.352637 3.054089 -1.007759 2.265251 0.784178 1.570029 0.358555 0.995396 -0.347394 18.042967 0.633932
 87064.604135 -1.267595 2.684585 -0.968713 2.367753 1.086749 1.976993 0.457814 0.104898 -0.863201 14.595480 0.636449
 87064.804135 -1.232186 2.636107 -1.305463 2.191371 1.126018 2.358997 0.425332 0.083698 -0.869904 15.383220 0.637673
 87065.004135 -1.186507 2.473715 -1.037062 2.178193 0.536790 3.093360 0.450843 0.067372 -0.873099 15.759555 0.638663
 87065.204135 -2.698944 2.738426 -1.483640 2.477037 1.318227 3.018153 0.473003 0.282196 0.795848 13.407500 0.639256
 87065.404135 -1.088360 2.142438 -0.628779 1.986266 1.113932 2.827392 0.680154 0.019291 -0.888435 16.283455 0.639697
 87065.604135 -2.618973 2.064758 -0.991519 2.340553 0.999246 2.568935 0.543050 0.221220 0.720996 13.030529 0.640036
 87065.804135 -2.416787 2.680625 -1.333198 2.166411 1.107539 2.342879 0.393889 0.249588 0.763325 12.852688 0.640435
 87066.004135 -1.847925 2.571221 -0.899635 2.193772 1.113293 2.737647 0.436679 0.163451 0.759588 11.184421 0.640790
 87066.204135 -1.841771 2.786739 -1.160322 2.231465 0.824999 3.094357 0.336133 0.159223 0.765712 11.081556 0.641009
 87066.404135 -2.504699 2.535498 -1.229474 2.372110 1.280442 2.972427 0.514963 0.274358 0.776595 12.828453 0.641430
 87066.604135 -1.970861 2.730756 -1.130358 2.164545 0.990322 2.723299 0.360161 0.184070 0.761393 11.629689 0.641764
 87066.804135 -2.380793 2.505197 -0.672217 2.030095 0.917317 2.520780 0.467648 0.231165 0.747234 12.779381 0.642168
 87067.004135 -2.444347 2.739624 -1.128970 1.964157 1.104731 2.463180 0.350839 0.237282 0.739745 12.770463 0.642556
 87067.204135 -2.020850 2.818384 -1.119498 2.131407 1.002466 2.576579 0.334848 0.184776 0.757007 11.772353 0.642874
 87067.404135 -2.146768 2.611299 -0.783510 2.330017 1.393752 2.166062 0.513501 0.235832 0.772552 12.922071 0.643241
 87067.604135 -1.493773 2.706560 -1.071739 2.510006 1.237056 2.191385 0.416919 0.089222 0.761926 12.437806 0.643536
 87067.804135 -1.819264 2.585265 -0.969118 2.320410 0.980932 2.579504 0.391934 0.162043 0.768839 11.074398 0.643777
 87068.004136 -1.501256 2.832486 -1.026099 2.282512 1.171832 2.185616 0.364649 0.155473 -0.856015 13.912257 0.644400
 87068.204136 -1.529074 2.782694 -1.318743 2.395688 1.369997 2.193901 0.350179 0.089722 0.755215 12.822552 0.645250
 87068.404136 -2.391227 -3.070341 -1.271574 2.819791 3.007419 2.832294 0.697235 0.246090 0.757635 12.826279 0.645602
 87068.604136 -2.072620 3.113020 -0.726454 2.443115 -2.742548 2.764209 0.813942 0.185497 0.755852 11.827863 0.646031
 87068.804136 -1.725769 -2.716316 -1.339345 2.529683 -2.589882 2.454141 0.659750 0.002123 0.674094 14.796350 0.646527
 87069.004136 -1.062831 -2.909329 -0.847787 2.544963 -2.832829 -3.087308 0.850236 0.005704 -0.887294 16.447876 0.647250
 87069.204136 -1.646351 -3.129295 -1.133474 2.431573 -2.545549 3.091486 0.732585 0.083838 0.739188 14.095760 0.647905
 87069.404136 -0.426049 2.825256 -1.039001 2.434697 -2.633038 3.122701 1.034311 -0.035441 -0.891567 16.060925 0.648586
 87069.604136 -0.885595 2.998441 -1.308103 2.600376 -2.657302 2.571969 0.847167 0.012915 -0.881947 16.509951 0.649740
 87069.804136 -1.928134 2.939449 -0.908562 2.650227 -2.749446 2.543703 0.765439 0.203903 0.776925 11.950005 0.650486
 87070.004136 -1.743650 3.024870 -1.115048 2.721114 -2.576166 2.700619 0.712158 0.152398 0.768925 10.993405 0.650780
 87070.204136 -1.672630 3.124730 -0.861267 2.465271 -2.810880 2.930761 0.777381 0.097192 0.745216 13.069695 0.651104
 87070.404136 -2.659291 3.043975 -0.888488 2.426884 -2.738932 2.448085 0.882714 0.250344 0.770746 12.981836 0.651443
 87070.604136 -2.548816 -2.932975 -0.851373 2.575089 -2.438492 2.479232 0.838651 0.189967 0.739809 12.617598 0.651828
 87070.804136 -2.088685 2.697447 -0.905272 2.586149 -2.351378 2.379282 0.811646 0.243973 0.783248 13.244613 0.652190
 87071.004136 -2.592924 2.949903 -0.989678 2.437613 -2.133792 2.269037 0.854088 0.256775 0.779192 13.167139 0.652556
 87071.204136 -2.812916 3.066182 -1.066301 2.430414 -1.735959 2.256704 0.880887 0.232248 0.782648 12.979975 0.652980
 87071.404136 -2.470912 2.469121 -0.830778 2.571441 -1.828980 2.243559 0.890980 0.274950 0.782881 13.036630 0.653436
 87071.604136 -2.908558 2.915401 -1.668479 2.665840 -1.729601 2.084201 0.819687 0.265281 0.806893 14.301304 0.653954
 87071.804136 -2.567220 2.650673 -1.358405 2.371685 -1.255855 2.562937 0.785430 0.260005 0.787738 13.446908 0.654507
 87072.004136 -2.278716 2.689372 -1.463294 2.937848 -2.021823 2.449997 0.683411 0.289150 0.792468 13.028651 0.654966
 87072.204136 -2.686979 2.622331 -1.230256 2.961255 -2.187086 2.560063 0.763807 0.312781 0.795914 12.437880 0.655302
 87072.404136 -2.527405 2.928174 -1.913183 3.001960 -2.252540 2.582528 0.662365 0.291389 0.796388 13.196430 0.655756
 87072.604136 -2.751218 2.485266 -1.435959 2.867775 -2.014090 2.935713 0.786233 0.305650 0.796241 12.675973 0.656098
 87072.804136 -2.404716 2.985620 -2.193590 2.325642 -1.369424 2.586135 0.719297 0.206345 0.781326 12.081586 0.656509
 87073.004136 -2.171033 3.127783 -1.734972 2.956871 -2.342433 2.453260 0.587237 0.233599 0.774217 12.932314 0.656807
 87073.204136 -2.313849 2.663736 -1.181084 -3.132539 -2.408859 2.573353 0.665227 0.310884 0.779393 12.035733 0.657136
 87073.404136 -2.519198 2.746746 -1.436553 2.886660 -2.024955 2.349861 0.704968 0.299808 0.795950 12.870632 0.657455
 87073.604136 -2.309673 3.007305 -2.064679 2.433879 -1.565377 2.275460 0.696860 0.210098 0.780701 12.202174 0.657994
 87073.804136 -2.448484 2.536936 -1.547327 2.255928 -1.416870 2.783736 0.759111 0.249525 0.771205 13.030150 0.658300
 87074.004136 -2.241059 2.670774 -1.605774 2.193417 -1.260540 2.224113 0.733508 0.223135 0.767602 12.641669 0.658722
 87074.204136 -1.912613 2.716457 -1.516123 2.315997 -1.543744 2.162273 0.715353 0.178191 0.770158 11.454250 0.659072
 87074.404136 -2.050096 2.494063 -1.880195 2.481727 -1.763990 2.247760 0.666929 0.216722 0.778907 12.499231 0.659485
 87074.604136 -1.688348 2.410068 -2.198213 2.741317 -1.928634 2.046236 0.698724 0.148076 0.776940 11.116952 0.659722
 87074.804136 -1.805379 2.260696 -1.847007 2.322399 -1.235856 1.633603 0.722137 0.143162 0.746729 11.719073 0.660182
 87075.004136 -2.011423 2.813827 -1.933553 2.553148 -1.341261 0.892593 0.686842 0.996627 0.966797 16.403678 0.661633
 87075.204136 -2.031387 2.616990 -1.590904 3.056920 -1.547654 0.914742 0.647630 0.996996 0.966158 16.357998 0.663240
 87075.404136 -1.942011 2.575793 -1.269213 3.089755 -1.502063 0.207916 0.650177 0.997077 0.964710 16.377177 0.664890
 87075.604136 -2.521167 2.888091 -1.617981 3.097724 -1.352881 0.106305 0.645468 0.997288 0.963940 16.356248 0.666514
 87075.804136 -2.150234 2.781784 -1.507136 3.047889 -1.485142 0.992691 0.626095 0.997035 0.966327 16.347175 0.668148
 87076.004136 -2.566560 2.751807 -1.516240 2.971411 -1.524093 1.387298 0.731378 0.997115 0.967680 16.296654 0.669754
 87076.204136 -2.145608 2.747009 -1.649282 2.974891 -1.633947 1.932865 0.646556 0.274057 0.796410 13.737085 0.671419
 87076.404136 -2.332891 2.561700 -1.349217 2.694824 -0.925420 2.397420 0.735682 0.266252 0.796872 13.881636 0.671846
 87076.604136 -2.366915 2.769510 -1.529348 -3.112406 -1.751983 2.486344 0.613035 0.303704 0.791174 12.556165 0.672321
 87076.804136 -2.679116 2.364744 -1.657533 3.118885 -1.685677 2.519341 0.713283 0.307118 0.784344 12.238648 0.672748
 87077.004136 -2.154683 2.501677 -1.364236 2.945531 -1.279492 2.617252 0.641522 0.267219 0.793359 13.709666 0.673135
 87077.204136 -2.164316 2.666459 -1.119929 -3.047585 -1.598509 2.888308 0.615301 0.294526 0.788479 12.767247 0.673591
 87077.404136 -2.588889 2.678339 -1.725290 2.799705 -1.155087 2.670960 0.711913 0.285279 0.808894 14.094223 0.674050
 87077.604136 -2.495628 2.704089 -1.956803 2.795794 -1.247316 2.738489 0.670664 0.278281 0.809205 14.324995 0.674774
 87077.804136 -2.584905 2.601055 -1.489755 3.129379 -1.394461 -3.118459 0.656085 0.318475 0.797689 12.359073 0.675397
 87078.004136 -2.603076 2.817707 -1.424450 2.619553 -1.084356 2.662472 0.756049 0.267700 0.802840 14.157729 0.675905
 87078.204136 -2.548863 2.793509 -1.398926 2.890067 -1.526173 2.693277 0.707594 0.292344 0.802956 13.545346 0.676562
 87078.404136 -2.344265 2.613122 -1.436942 2.652269 -1.258120 2.898476 0.721222 0.269288 0.796435 13.882479 0.677122
 87078.604136 -2.794813 3.075302 -1.702654 2.684677 -1.108173 -3.119910 0.752948 0.245492 0.800712 13.974672 0.677687
 87078.804136 -2.665398 2.608487 -1.388672 2.953465 -1.588732 3.109076 0.741273 0.310801 0.802711 12.818043 0.678261
 87079.004136 -2.328296 2.296767 -0.983284 2.666463 -1.405491 2.884898 0.816083 0.256689 0.773355 13.142258 0.678686
 87079.204136 -2.515874 2.687061 -1.454385 2.913393 -1.712121 2.727397 0.709758 0.299808 0.799946 13.099694 0.679186
 87079.404136 -2.109322 2.668686 -1.238381 -3.029464 -2.248337 2.743974 0.615897 0.295762 0.778941 12.450726 0.679521
 87079.604136 -2.141188 2.969288 -1.235574 2.907392 -2.257594 2.768425 0.654023 0.254388 0.784543 13.494987 0.679972
 87079.804136 -2.474325 2.902398 -1.389999 2.984197 -2.173152 2.778053 0.704320 0.296148 0.790746 12.843525 0.680409
 87080.004136 -2.598721 2.844131 -1.222934 -3.061680 -2.293730 -3.105360 0.671043 0.325017 0.781337 11.953751 0.680741
 87080.204136 -2.538743 2.775944 -1.095825 3.063139 -1.995626 2.878175 0.728854 0.311398 0.794188 12.525930 0.681145
 87080.404136 -2.560225 2.606618 -1.654796 2.445943 -1.061450 2.585606 0.758175 0.260834 0.794523 13.893926 0.681593
 87080.604136 -2.392579 2.224432 -1.334650 2.895755 -1.828710 2.519764 0.718767 0.274602 0.759868 12.566266 0.682067
 87080.804136 -2.616045 2.567729 -1.368911 2.972374 -2.040884 2.357797 0.752314 0.311438 0.792339 12.462593 0.682380
 87081.004136 -2.958958 2.505602 -1.217950 2.915434 -1.894854 2.695600 0.869302 0.298080 0.808171 13.653027 0.682730
 87081.204136 -2.704864 2.534382 -1.241893 2.642886 -1.568242 2.580814 0.836854 0.284343 0.798138 13.638842 0.683189
 87081.404136 -2.830829 2.487189 -1.482735 2.629741 -1.288011 2.529373 0.835891 0.275211 0.803312 14.157710 0.683859
 87081.604136 -2.494083 2.505340 -1.021651 2.814968 -1.440124 2.136551 0.806151 0.291770 0.794088 13.196010 0.684388
 87081.804136 -2.707561 2.450152 -1.409661 2.638251 -1.096496 2.377004 0.816931 0.276203 0.797575 13.840344 0.684981
 87082.004136 -2.193602 2.837267 -1.722922 2.517857 -1.219980 2.703954 0.685791 0.224822 0.790354 12.983794 0.685434
 87082.204136 -2.443659 -2.929550 -2.734513 2.786342 -1.847704 2.448356 0.743130 0.156492 0.767913 11.154128 0.685792
 87082.404136 -1.956141 3.119410 -2.253826 -3.015678 -2.078764 2.646537 0.565825 0.206868 0.778296 12.227847 0.686121
 87082.604136 -2.742532 3.081346 -2.032920 2.711012 -1.479707 2.306346 0.757642 0.238007 0.798846 13.771387 0.686437
 87082.804136 -2.303651 -3.008395 -2.116393 2.609997 -1.492587 2.208394 0.676057 0.167160 0.761920 11.399666 0.686769
 87083.004136 -2.201255 -3.002254 -2.359038 2.379786 -1.073792 2.270332 0.703069 0.117627 0.749436 11.986204 0.687069
 87083.204136 -2.621643 2.985036 -2.343552 2.353565 -1.189177 1.853223 0.788533 0.222504 0.791803 12.994223 0.687374
 87083.404136 -2.153588 -3.069785 -2.356178 2.265430 -0.918919 1.980379 0.711769 0.122883 0.750181 11.823654 0.687629
 87083.604136 -1.945439 3.117874 -2.264737 2.427444 -1.454572 2.225138 0.670802 0.120131 0.760856 11.467140 0.687877
 87083.804136 -2.402866 -3.059361 -2.426456 2.225731 -1.261537 2.548346 0.742534 0.143260 0.753358 11.462814 0.688138
 87084.004136 -2.588333 -2.899227 -2.530962 2.341329 -1.201078 2.591337 0.767585 0.115489 0.744929 12.255923 0.688414
 87084.204136 -3.047160 -3.083513 -2.437938 2.549568 -1.205024 3.003172 0.851190 0.165356 0.791064 11.640349 0.688758
 87084.404136 -2.407152 -2.817654 -2.535843 2.677968 -1.128465 2.695123 0.712545 0.107821 0.744115 12.676957 0.689005
 87084.604136 -2.663722 3.037134 -2.099112 2.717090 -1.003486 2.728112 0.738894 0.238249 0.803979 13.970187 0.689837
 87084.804136 -2.664641 -2.770897 -2.580304 2.751955 -1.158068 2.923373 0.739244 0.113385 0.747317 12.298230 0.690253
 87085.004136 -2.608208 3.124861 -2.471184 2.511110 -1.278129 2.693429 0.749573 0.195945 0.790072 12.062769 0.690507
 87085.204136 -2.392564 2.686271 -2.254316 2.848512 -1.457191 2.386232 0.680968 0.271438 0.810118 14.621075 0.691007
 87085.404136 -2.026529 2.565256 -2.469123 2.678218 -0.904198 2.460283 0.631943 0.196191 0.799215 12.353830 0.691583
 87085.604136 -1.683780 3.082481 -2.856180 3.104708 -1.125808 2.951550 0.580400 0.092611 0.772025 11.946312 0.691875
 87085.804136 -1.839222 2.923992 -2.403993 2.499486 -1.015861 2.918292 0.627445 0.122335 0.776312 11.249845 0.692130
 87086.004136 -1.819799 2.609088 -1.924757 2.392421 -1.259696 2.975145 0.668844 0.154109 0.775980 11.180902 0.692375
 87086.204136 -1.587356 2.869886 -2.323014 2.862535 -2.082280 3.003011 0.669032 0.115118 0.777172 11.400079 0.692635
 87086.404136 -1.558356 2.747484 -2.541586 -3.137467 -2.385285 3.032900 0.594762 0.142828 0.786749 11.502025 0.692853
 87086.604136 -2.036867 3.021368 -2.791966 2.601773 -1.193334 2.458285 0.554219 0.143037 0.784672 11.428407 0.693177
 87086.804136 -1.786219 2.952724 -2.559791 2.936958 -1.354695 2.446702 0.541474 0.138273 0.785827 11.460724 0.693459
 87087.004136 -2.019295 2.420630 -2.211373 2.957727 -1.264969 2.304478 0.545731 0.229399 0.795767 13.383586 0.693745
 87087.204136 -1.993574 2.384841 -2.369042 2.847157 -1.046641 2.479885 0.567689 0.203161 0.793851 12.381356 0.694223
 87087.404136 -2.257154 2.575288 -2.774164 2.999677 -1.298241 2.674511 0.536030 0.253296 0.815388 14.846562 0.694940
 87087.604136 -2.104324 2.511549 -2.500924 2.737803 -1.091304 2.708659 0.664923 0.216369 0.802652 13.138898 0.695700
 87087.804136 -2.121345 2.450970 -2.567997 2.511943 -0.940403 2.432482 0.682549 0.193752 0.792264 12.117792 0.696036
 87088.004136 -1.494771 2.882534 -2.568196 -3.024072 -1.323794 2.401149 0.569596 0.092890 0.772800 11.940911 0.696312
 87088.204136 -2.273819 2.745600 -2.671416 2.687817 -1.166980 2.720768 0.603996 0.226520 0.810237 13.836828 0.696620
 87088.404136 -2.477942 2.687051 -2.459812 2.824808 -1.355395 2.536385 0.641039 0.267173 0.815462 14.943936 0.697390
 87088.604136 -2.173997 2.667631 -2.486142 2.462933 -1.192916 2.547055 0.667185 0.205516 0.796526 12.534508 0.697931
 87088.804136 -1.899639 3.077082 -2.764385 -3.128537 -1.590060 2.463523 0.634642 0.162581 0.787703 11.593691 0.698278
 87089.004137 -1.844643 3.051931 -2.476716 2.919032 -1.456563 2.552286 0.478799 0.140717 0.781973 11.383178 0.698543
 87089.204137 -2.048167 3.074181 -2.372615 2.809372 -1.364839 2.564374 0.419431 0.174584 0.787149 11.669754 0.698829
 87089.404137 -2.070708 2.570774 -2.206595 2.751237 -1.345109 2.797842 0.605805 0.227125 0.800618 13.461355 0.699124
 87089.604137 -2.139596 2.869515 -2.812615 2.373614 -1.047005 2.484279 0.567853 0.162838 0.788579 11.626661 0.699445
 87089.804137 -2.483666 2.036908 -1.883305 2.537393 -1.274353 2.836851 0.494214 0.213127 0.736563 13.033842 0.699947
 87090.004137 -2.218311 1.724696 -1.630043 2.724256 -1.756515 2.676622 0.696617 0.133980 0.632680 10.565055 0.700271
 87090.204137 -1.885252 1.925503 -1.855848 2.754146 -1.485856 2.462183 0.681123 0.121034 0.711881 13.050802 0.700476
 87090.404137 -1.516793 2.402802 -2.089976 2.616998 -1.253685 2.332757 0.718490 0.072145 0.757721 13.480682 0.700797
 87090.604137 -1.331699 2.674364 -2.358618 2.665793 -1.158700 2.409735 0.728055 0.012818 0.743464 13.820461 0.701313
 87090.804137 -1.831415 2.565043 -2.071959 2.876291 -1.185753 2.760788 0.603260 0.189219 0.794931 12.119911 0.701816
 87091.004137 -1.565621 2.800369 -2.195998 2.632105 -1.316124 2.896904 0.672921 0.082456 0.766920 12.584826 0.702068
 87091.204137 -1.897942 3.112250 -2.525871 2.584832 -1.422205 3.029165 0.669887 0.115911 0.769802 11.528737 0.702393
 87091.404137 -1.515759 2.528669 -2.092076 2.697769 -1.708223 3.000568 0.673702 0.095852 0.768841 12.073134 0.702648
 87091.604137 -1.571526 2.547905 -2.329607 2.914369 -1.640695 2.589134 0.666533 0.117386 0.778781 11.440042 0.703032
 87091.804137 -1.404495 2.856898 -2.630204 2.767497 -1.889388 2.692265 0.709990 0.031606 0.751233 14.078874 0.703467
 87092.004137 -1.477712 2.515005 -2.439742 2.483924 -1.431005 2.562982 0.630510 0.044092 0.751164 14.264762 0.704102
 87092.204137 -1.145254 2.620736 -2.476130 2.847325 -1.663994 2.412367 0.681352 -0.020023 0.730159 12.925663 0.705274
 87092.404137 -1.425974 2.636180 -2.250620 3.008964 -1.710513 2.599735 0.525048 0.084412 0.769604 12.423458 0.706788
 87092.604137 -1.694359 2.388671 -2.388945 2.726023 -1.890694 2.682030 0.534919 0.133296 0.775595 11.290800 0.707162
 87092.804137 -1.791924 2.524348 -2.275488 2.850474 -1.713592 2.394395 0.587949 0.177775 0.790794 11.820472 0.707450
 87093.004137 -1.616889 2.585529 -2.263887 2.574375 -1.338642 2.785808 0.660501 0.099148 0.770664 11.937527 0.707916
 87093.204137 -1.479073 2.660337 -2.652836 2.862872 -2.040314 2.984081 0.624065 0.082204 0.770720 12.442331 0.708280
 87093.404137 -1.679456 2.641165 -2.283972 2.823089 -1.930986 2.641119 0.655384 0.147829 0.785937 11.512937 0.708755
 87093.604137 -1.318145 2.656066 -2.400792 2.684569 -2.047219 2.767792 0.670867 0.024950 0.747309 14.169087 0.709117
 87093.804137 -1.620338 2.548574 -2.592315 2.861121 -2.522347 2.616913 0.658557 0.134174 0.782598 11.408630 0.709581
 87094.004137 -1.253490 2.572223 -2.783942 2.636520 -2.064600 -3.134677 0.671199 -0.002153 0.737353 13.465593 0.710013
 87094.204137 -1.645006 2.472646 -2.654264 2.755387 -2.746715 3.004919 0.602502 0.136744 0.780761 11.359783 0.710455
 87094.404137 -1.813933 2.804784 -2.583700 2.788570 -2.267404 3.085934 0.534764 0.173954 0.793831 11.902664 0.710732
 87094.604137 -1.424487 2.663499 -2.531098 -3.133657 -2.616555 2.731628 0.468088 0.104260 0.775392 11.698296 0.711012
 87094.804137 -1.527533 2.769500 -2.546248 2.989208 -2.582838 2.738286 0.596099 0.114272 0.778818 11.489453 0.711267
 87095.004137 -1.575560 2.815386 -2.306721 2.701855 -2.352864 2.498618 0.686003 0.102921 0.771342 11.817434 0.711555
 87095.204137 -0.900702 2.895014 -2.885636 2.598434 -2.191104 2.793982 0.881159 -0.004571 -0.884342 16.482491 0.712358
 87095.404137 -1.190652 2.905273 -2.578811 3.034138 -2.438144 2.672776 0.724988 -0.001323 0.737495 13.562952 0.713090
 87095.604137 -1.767813 3.010519 -2.744207 3.000202 -2.677062 2.300342 0.576201 0.149581 0.784031 11.451319 0.713458
 87095.804137 -1.050388 2.794578 -2.616519 3.032487 -2.359536 2.549907 0.649843 0.022262 -0.383255 12.036819 0.713967
 87096.004137 -1.833692 2.390773 -2.521664 2.943280 -2.578157 2.055570 0.536066 0.203174 0.787837 12.245803 0.714526
 87096.204137 -1.559098 2.779439 -2.682464 -3.104162 -2.666324 2.353612 0.546067 0.137114 0.784731 11.488102 0.714831
 87096.404137 -1.661243 2.788448 -2.923176 2.628586 -2.311794 2.117627 0.741039 0.101726 0.775076 11.764698 0.715099
 87096.604137 -1.908520 2.611043 -2.137021 2.904948 -2.505786 2.315009 0.585534 0.230160 0.794349 13.431570 0.715564
 87096.804137 -1.862904 2.851674 -2.695478 2.715537 -2.373519 2.721360 0.512683 0.165244 0.790758 11.770847 0.715940
 87097.004137 -1.548802 2.737010 -2.662840 2.608289 -1.865770 2.913718 0.508577 0.072180 0.765294 13.050277 0.716527
 87097.204137 -1.148127 2.330247 -2.594592 2.608053 -2.309690 2.737126 0.505639 -0.034498 0.718707 12.861788 0.717103
 87097.404137 -1.281730 1.929800 -2.186528 2.862546 -2.283319 2.409989 0.527334 -0.020406 0.701540 14.257520 0.717966
 87097.604137 -1.765238 2.310063 -2.823506 2.730720 -2.275365 1.938595 0.595546 0.144791 0.776839 11.309561 0.718491
 87097.804137 -1.797510 2.271305 -2.324261 2.654214 -2.196519 2.718221 0.507083 0.152958 0.767540 11.317064 0.718737
 87098.004137 -1.941223 2.345296 -2.555092 2.591136 -2.307258 2.218053 0.663938 0.184097 0.778188 11.764344 0.719000
 87098.204137 -1.742702 2.241440 -2.371816 2.859187 -2.719440 2.417996 0.595195 0.160379 0.767801 11.443424 0.719262
 87098.404137 -1.384101 2.801347 -2.915392 2.402765 -2.648913 2.315472 0.780536 0.099153 -0.860786 14.829504 0.719606
 87098.604137 -1.653062 2.875676 -2.622439 2.575597 -2.372449 2.730411 0.642867 0.097143 0.769467 12.047380 0.720003
 87098.804137 -1.504063 2.417184 -2.703363 2.669522 -2.474469 3.050554 0.495197 0.078583 0.763138 12.978601 0.720289
 87099.004137 -1.660021 2.493405 -2.577425 2.712503 -2.629550 2.501551 0.536447 0.133506 0.778724 11.382285 0.720631
 87099.204137 -1.707912 2.802842 -2.885190 2.566860 -2.611191 2.770776 0.700198 0.112709 0.776611 11.542752 0.720940
 87099.404137 -1.416204 2.599819 -2.579654 2.604900 -2.562409 2.674878 0.693811 0.050832 0.755336 14.073523 0.721432
 87099.604137 -1.504356 2.419483 -2.513112 2.305994 -2.420229 3.060386 0.741557 0.059160 0.746587 14.602372 0.722094
 87099.804137 -1.358749 2.578970 -2.509132 2.558371 -2.530489 2.976958 0.723619 0.036809 0.749459 14.400513 0.722719
 87100.004137 -1.664586 2.897016 -2.742512 2.658033 -2.891595 3.018574 0.707265 0.113305 0.775595 11.540008 0.723096
