#! FIELDS time phi1 psi1 phi2 psi2 phi3 psi3 sum_abs ann.node-0 ann.node-1 WTMetaD.bias WTMetaD.acc
#! SET min_phi1 -pi
#! SET max_phi1 pi
#! SET min_psi1 -pi
#! SET max_psi1 pi
#! SET min_phi2 -pi
#! SET max_phi2 pi
#! SET min_psi2 -pi
#! SET max_psi2 pi
#! SET min_phi3 -pi
#! SET max_phi3 pi
#! SET min_psi3 -pi
#! SET max_psi3 pi
 64000.003040 -1.120120 -0.340821 -1.982295 0.133150 -1.211639 2.763576 0.523166 0.998138 -0.650978 16.684674 1.000000
 64000.203040 -1.458945 -0.299699 -1.990648 0.061982 -1.095423 2.404151 0.374431 0.998148 -0.647637 16.932983 0.002636
 64000.403040 -1.212579 -0.157887 -2.197800 0.217948 -1.373449 2.705107 0.609231 0.998143 -0.649482 16.793988 0.005148
 64000.603040 -1.084732 -0.371727 -1.955070 -0.128608 -1.175359 2.397040 0.503857 0.998144 -0.649541 16.789558 0.007755
 64000.803040 -1.294535 -0.330893 -2.080601 0.073303 -1.727403 2.916581 0.513286 0.998133 -0.653494 16.507541 0.010148
 64001.003040 -1.073759 -0.563529 -2.220147 0.297361 -1.884088 2.900360 0.576878 0.998122 -0.656657 16.298204 0.012255
 64001.203040 -0.947088 -0.453310 -2.043610 -0.138264 -1.120266 2.862203 0.380297 0.998142 -0.649919 16.761681 0.014813
 64001.403040 -1.056250 -0.311833 -1.926551 -0.041028 -1.447722 2.626665 0.478903 0.998137 -0.651969 16.613727 0.017219
 64001.603040 -1.212897 -0.379953 -1.881061 0.047598 -1.141970 1.980546 0.445518 0.998142 -0.649759 16.773532 0.019746
 64001.803040 -0.987814 -0.513173 -2.064361 0.084448 -1.036643 2.852207 0.427279 0.998137 -0.650928 16.688314 0.022156
 64002.003040 -1.081255 -0.368769 -1.716763 0.004247 -1.663588 2.458370 0.594814 0.998130 -0.654268 16.454914 0.024571
 64002.203040 -1.186843 -0.454947 -1.609181 -0.153581 -1.549009 2.757425 0.425644 0.998138 -0.652031 16.653391 0.026947
 64002.403040 -1.325338 -0.411019 -1.516639 -0.142229 -1.319005 2.576668 0.398561 0.998149 -0.648142 16.938060 0.029661
 64002.603040 -1.003177 -0.131413 -1.685100 -0.334013 -1.544958 2.862886 0.488031 0.998138 -0.651811 16.668990 0.032226
 64002.803040 -1.033160 -0.234492 -1.816314 0.004555 -1.960278 2.718133 0.570627 0.998123 -0.656629 16.343959 0.034564
 64003.003040 -1.295726 0.024365 -2.015221 0.077378 -2.026118 2.779949 0.496792 0.998128 -0.654997 16.450235 0.036826
 64003.203040 -1.277134 -0.008287 -2.295898 0.562975 -2.461322 2.716598 0.637633 0.998109 -0.660482 16.109911 0.039073
 64003.403040 -1.247715 -0.241569 -1.859915 -0.259281 -1.672881 2.341541 0.393183 0.998135 -0.652923 16.590949 0.041169
 64003.603040 -1.366992 -0.028071 -2.256284 -0.110638 -1.607534 2.703864 0.470671 0.998154 -0.646975 17.027187 0.043888
 64003.803040 -1.075585 -0.348459 -2.159180 -0.144399 -1.544869 2.518522 0.511027 0.998139 -0.651535 16.688624 0.046577
 64004.003040 -1.456028 -0.241597 -2.341523 -0.261134 -1.508716 2.907983 0.365884 0.998157 -0.645874 17.112763 0.049423
 64004.203040 -1.274937 -0.115190 -2.435291 -0.034480 -1.853596 2.822418 0.505504 0.998144 -0.650038 16.837107 0.052380
 64004.403040 -1.234003 -0.403082 -2.184037 -0.075831 -1.664623 2.580327 0.473120 0.998137 -0.652182 16.682747 0.055170
 64004.603040 -1.275411 -0.345513 -2.363325 0.090746 -1.566478 2.341821 0.491366 0.998146 -0.649220 16.897615 0.057849
 64004.803040 -1.601569 -0.242619 -2.308243 -0.697839 -1.472700 2.746819 0.259341 0.998148 -0.648606 16.943478 0.060537
 64005.003040 -1.581183 -0.270959 -1.988796 -0.587641 -1.555563 2.725866 0.230629 0.998139 -0.651679 16.718394 0.062968
 64005.203040 -1.554673 -0.175173 -2.382807 -0.235692 -1.933346 -3.015151 0.328059 0.998141 -0.651185 16.753776 0.065727
 64005.403040 -2.221388 -0.480163 -1.680627 -0.737476 -1.600631 2.739668 0.212567 0.998129 -0.654913 16.495234 0.068202
 64005.603040 -1.931161 0.368599 -2.614513 -0.671722 -1.311044 2.755652 0.267972 0.998241 -0.617167 19.424165 0.071337
 64005.803040 -1.677389 -0.111312 -2.055209 -0.602415 -1.593541 2.475664 0.276529 0.998142 -0.650793 16.782034 0.075004
 64006.003040 -2.144206 0.048955 -2.268326 -0.810496 -0.700242 2.471231 0.205690 0.998152 -0.645232 17.204280 0.077955
 64006.203040 -1.880410 -0.212467 -2.015898 -0.539960 -1.443823 2.743118 0.221488 0.998145 -0.649655 16.905070 0.080880
 64006.403040 -1.576090 -0.038689 -2.352366 -0.630669 -1.176330 2.729726 0.213558 0.998174 -0.640104 17.663048 0.084197
 64006.603040 -1.706124 -0.062951 -2.279388 -0.540414 -1.514924 2.571252 0.361007 0.998156 -0.646270 17.162466 0.087628
 64006.803040 -1.528105 -0.008323 -2.200684 -0.535705 -1.372052 2.519205 0.337576 0.998161 -0.644505 17.301843 0.091144
 64007.003040 -1.366230 -0.171104 -2.405620 -0.480075 -1.061676 2.593072 0.271678 0.998177 -0.638884 17.765847 0.094524
 64007.203040 -1.781607 -0.132698 -2.106965 -0.588115 -1.219619 2.263469 0.234324 0.998156 -0.645989 17.184469 0.098035
 64007.403040 -1.115437 0.083171 -2.647012 -0.485268 -1.421003 2.602332 0.454135 0.998195 -0.633461 18.220671 0.101521
 64007.603040 -1.635161 -0.132619 -2.343736 -0.494734 -1.272257 2.361907 0.283404 0.998169 -0.641770 17.524161 0.104712
 64007.803040 -1.112928 -0.121642 -2.044463 -0.657375 -1.496450 2.451275 0.385620 0.998138 -0.651967 16.737408 0.107338
 64008.003040 -1.140199 -0.232838 -1.917860 -0.789862 -1.436540 2.749298 0.300802 0.998133 -0.653486 16.631087 0.109891
 64008.203040 -1.146783 -0.684810 -1.885252 -0.471495 -1.564235 3.016638 0.271768 0.998134 -0.653134 16.698501 0.112338
 64008.403040 -1.707873 -0.386556 -2.379823 -0.382176 -1.205923 2.548217 0.242892 0.998169 -0.641733 17.568663 0.115210
 64008.603040 -1.340769 -0.989812 -2.050126 -0.363010 -1.236377 2.721488 0.210293 0.998157 -0.645544 17.261860 0.118559
 64008.803040 -1.383379 -0.293547 -2.430482 -0.671632 -1.160649 2.704816 0.218894 0.998165 -0.643106 17.456585 0.121579
 64009.003040 -1.119049 -0.376419 -2.274118 -0.551159 -1.448746 -3.049361 0.302257 0.998145 -0.649769 16.939654 0.124371
 64009.203040 -1.402031 0.032319 -2.775517 -0.687723 -1.416229 2.982478 0.333255 0.998212 -0.627858 18.712138 0.128394
 64009.403040 -0.935727 -0.552680 -2.604689 -0.201684 -1.442500 2.660758 0.411242 0.998162 -0.644413 17.351370 0.132359
 64009.603040 -1.213224 -0.117575 -2.461793 -0.350812 -1.300329 2.782812 0.308253 0.998175 -0.639775 17.731601 0.135941
 64009.803040 -1.252379 -0.137994 -2.625002 -0.262251 -1.620284 2.437591 0.374570 0.998171 -0.641544 17.584189 0.139041
 64010.003040 -1.119510 -0.327407 -2.429126 -0.321960 -1.430284 2.558331 0.332075 0.998156 -0.646083 17.219650 0.142174
 64010.203040 -1.176448 -0.189439 -2.123225 -0.396183 -1.973099 2.959609 0.426063 0.998128 -0.655324 16.588516 0.145383
 64010.403040 -1.012434 -0.251131 -2.499909 0.098297 -2.390171 2.852271 0.600630 0.998120 -0.657588 16.441339 0.147703
 64010.603040 -1.535582 -0.264509 -2.331972 0.164155 -2.624654 2.789332 0.412293 0.998115 -0.659230 16.339393 0.149983
 64010.803040 -1.471200 0.010579 -2.536273 0.007480 -2.439396 2.956918 0.507534 0.998128 -0.655198 16.596895 0.152191
 64011.003040 -1.401844 -0.623652 -1.998031 -0.327805 -2.324614 1.849425 0.355243 0.998117 -0.658442 16.387845 0.154465
 64011.203040 -1.065524 -0.709719 -2.228618 -0.123450 -2.311814 2.567347 0.391949 0.998118 -0.658273 16.398290 0.156776
 64011.403040 -1.164114 -0.451772 -2.193949 -0.329765 -1.992612 2.592926 0.379515 0.998126 -0.655925 16.548700 0.159080
 64011.603040 -1.425811 -0.318641 -2.388308 0.045443 -2.093685 2.552668 0.456844 0.998129 -0.654885 16.617926 0.161497
 64011.803040 -1.560064 -0.092963 -2.420245 0.109872 -2.654663 2.331096 0.586780 0.998117 -0.658502 16.384069 0.163712
 64012.003040 -1.381915 0.081938 -2.611850 0.044185 -2.453872 2.594219 0.608647 0.998131 -0.654360 16.653374 0.166130
 64012.203040 -1.375580 0.074981 -2.670994 0.276185 -2.602466 2.556549 0.664015 0.998124 -0.656321 16.565716 0.168368
 64012.403040 -1.453478 -0.881192 -1.580235 0.176595 -2.421554 2.730316 0.456284 0.998108 -0.658935 16.400490 0.170553
 64012.603040 -1.771849 -0.594779 -1.716810 -0.235183 -1.870341 2.729291 0.288557 0.998129 -0.654798 16.666726 0.172932
 64012.803040 -1.702833 -0.720950 -1.888865 -0.234016 -1.772532 2.989177 0.277741 0.998134 -0.653466 16.757720 0.175564
 64013.003040 -1.661485 -0.749495 -1.880572 -0.362146 -1.548892 2.510625 0.210081 0.998140 -0.651229 16.915709 0.178354
 64013.203040 -2.212456 -0.715812 -1.913415 -0.512243 -1.232084 2.654945 0.194984 0.998143 -0.650264 16.985866 0.181357
 64013.403040 -2.478211 -0.474665 -2.449806 -0.341247 -1.507326 2.415206 0.330690 0.998147 -0.649329 17.054781 0.183999
 64013.603040 -2.444114 -0.795895 -2.093868 -0.404805 -1.277867 2.387576 0.262263 0.998142 -0.650490 16.969366 0.186684
 64013.803040 -2.337907 -0.419321 -2.564972 -0.312707 -1.362711 2.418548 0.294991 0.998166 -0.642918 17.553131 0.189630
 64014.003041 -2.558936 -0.506619 -2.162125 -0.200584 -1.730971 2.955147 0.337650 0.998129 -0.654953 16.656291 0.192420
 64014.203041 -2.563196 -0.793753 -2.281533 -0.200782 -1.352156 2.550201 0.259182 0.998144 -0.649894 17.055690 0.195156
 64014.403041 -2.178606 -0.895291 -1.995516 -0.420432 -1.322117 2.817959 0.140203 0.998147 -0.648847 17.133351 0.198401
 64014.603041 -1.794430 -0.706147 -1.679971 0.104570 -2.582551 3.103173 0.398738 0.998100 -0.659662 16.399188 0.200953
 64014.803041 -1.776556 -0.309647 -1.876573 -0.095799 -1.951966 2.890989 0.333491 0.998128 -0.655274 16.677734 0.203210
 64015.003041 -1.345933 -0.613827 -1.871106 0.193542 -2.168966 2.574344 0.430402 0.998117 -0.658378 16.477276 0.205665
 64015.203041 -1.384686 -0.499055 -2.139564 0.808375 -2.755781 2.897826 0.634372 0.998096 -0.664047 16.149165 0.207883
 64015.403041 -1.134323 -0.397689 -2.061762 0.671357 -2.666041 2.989188 0.604508 0.998101 -0.662761 16.218978 0.209927
 64015.603041 -1.011760 -0.467312 -2.147408 0.350931 -2.243217 -3.013787 0.523851 0.998113 -0.659474 16.409864 0.212103
 64015.803041 -1.311428 -0.204509 -2.189359 0.281221 -2.333669 2.743277 0.593576 0.998116 -0.658714 16.456390 0.214384
 64016.003041 -1.276483 -0.011082 -2.431638 0.098419 -2.240575 3.134445 0.540100 0.998129 -0.654829 16.707577 0.216954
 64016.203041 -1.217115 -0.007991 -2.537616 0.444417 -2.697789 2.686321 0.769592 0.998112 -0.659687 16.439289 0.219310
 64016.403041 -0.568442 -0.734106 -2.014248 0.159177 -2.161471 2.857234 0.709897 0.998113 -0.659666 16.440494 0.221527
 64016.603041 -1.282957 -0.160743 -2.205815 0.221470 -1.569166 2.748967 0.487278 0.998139 -0.651080 17.011885 0.223904
 64016.803041 -0.953432 -0.269327 -2.277141 0.101805 -1.845596 -2.898942 0.515148 0.998130 -0.654498 16.772600 0.227447
 64017.003041 -1.312451 0.265406 -2.146059 0.230588 -2.406981 2.934405 0.663224 0.998121 -0.656979 16.608512 0.229840
 64017.203041 -1.495190 0.428742 -2.491230 -0.061994 -2.359374 2.703204 0.577783 0.998146 -0.649473 17.129069 0.232508
 64017.403041 -1.198891 0.278619 -2.343424 -0.129175 -2.548939 2.639957 0.584964 0.998125 -0.656310 16.651899 0.235217
 64017.603041 -1.193288 -0.130957 -2.327213 0.161260 -2.481265 2.533484 0.582338 0.998117 -0.658607 16.505425 0.237561
 64017.803041 -1.157855 -0.475197 -1.774094 -0.379097 -2.055510 2.730181 0.374532 0.998121 -0.657337 16.585456 0.239911
 64018.003041 -1.263422 -0.075712 -2.273754 -0.104898 -2.453392 2.753223 0.408484 0.998120 -0.657816 16.555005 0.242369
 64018.203041 -0.990801 -0.432577 -2.106797 -0.364082 -2.331329 2.243885 0.387430 0.998116 -0.658967 16.526642 0.244669
 64018.403041 -1.582148 -0.092056 -1.927184 -0.394129 -2.564798 2.903483 0.250243 0.998113 -0.659008 16.524216 0.247086
 64018.603041 -1.535849 0.023792 -1.621204 -0.778191 -2.432092 2.785135 0.207306 0.997880 -0.656929 16.667567 0.249467
 64018.803041 -1.467979 0.380631 -1.851483 -0.899213 -2.752668 2.877107 0.247495 0.899050 -0.592434 8.269760 0.250973
 64019.003041 -1.713314 0.441337 -1.451389 -1.012604 -2.935777 2.810804 0.378605 0.857158 -0.586349 7.985559 0.251105
 64019.203041 -1.643107 -0.366480 -1.200460 -0.829568 -2.806925 2.887319 0.287557 0.998010 -0.659241 16.515274 0.252643
 64019.403041 -1.848178 -0.398005 -1.231299 -0.839178 -2.772761 -3.085704 0.254207 0.997417 -0.655173 16.805287 0.255197
 64019.603041 -1.492838 -0.631920 -1.310881 -0.776671 -2.546027 2.717958 0.234969 0.998051 -0.658955 16.530714 0.257852
 64019.803041 -1.562340 -0.134711 -1.671516 -0.643310 -2.602774 2.573042 0.271454 0.998026 -0.658963 16.531533 0.260213
 64020.003041 -1.756891 -0.058984 -1.510323 -1.058460 -2.230887 2.570339 0.170489 0.998111 -0.658884 16.532025 0.262752
 64020.203041 -1.344832 -0.497880 -1.404520 -1.170971 -2.037945 2.503028 0.201526 0.998115 -0.659207 16.555536 0.265148
 64020.403041 -1.530871 -0.319065 -1.773057 -0.120140 -2.889298 2.255829 0.555238 0.998094 -0.660405 16.484049 0.267545
 64020.603041 -1.700183 -0.194263 -1.894688 -0.692091 -2.045963 2.893001 0.193820 0.998123 -0.656814 16.706183 0.269991
 64020.803041 -2.013758 -0.233985 -1.688037 -0.035003 -2.784859 2.357165 0.446145 0.998085 -0.660064 16.505007 0.272434
 64021.003041 -1.992946 -0.244836 -1.787890 -0.197578 -2.549210 2.993816 0.288250 0.998110 -0.659281 16.551242 0.274780
 64021.203041 -2.468931 -0.493148 -1.422748 -0.144019 -2.546553 2.573147 0.432686 0.998100 -0.659644 16.529585 0.277184
 64021.403041 -2.533094 -0.410941 -1.974074 -0.208264 -2.224519 2.949281 0.300419 0.998117 -0.658798 16.580647 0.279542
 64021.603041 -2.271383 -0.485082 -1.594470 -0.248743 -2.208557 2.800810 0.277669 0.998119 -0.658078 16.625620 0.282036
 64021.803041 -2.028351 -0.749336 -1.547957 -0.079386 -2.641954 2.611456 0.405643 0.998042 -0.659165 16.561926 0.284412
 64022.003041 -1.526604 -0.874661 -1.788351 -0.270632 -2.322811 2.866983 0.254546 0.998114 -0.658006 16.630340 0.286897
 64022.203041 -2.511778 -0.163842 -2.057742 -0.082123 -2.492669 2.606158 0.378779 0.998114 -0.659615 16.573613 0.289285
 64022.403041 -2.790985 -0.561402 -2.096421 -0.261213 -2.408169 2.680611 0.389869 0.998113 -0.660045 16.547632 0.291732
 64022.603041 -2.273598 -0.325721 -2.407370 -0.229292 -2.886762 2.584756 0.385018 0.998113 -0.660023 16.548990 0.294106
 64022.803041 -2.763935 -0.056810 -2.353022 -0.406306 -2.256915 2.341588 0.435428 0.998119 -0.658040 16.671012 0.296498
 64023.003041 -2.712997 0.003287 -2.160447 -0.186618 -2.765963 3.037679 0.435952 0.998112 -0.660332 16.530472 0.298909
 64023.203041 -2.041511 -0.672937 -1.624142 -0.244502 -2.584645 2.637526 0.378114 0.998084 -0.659391 16.588903 0.301316
 64023.403041 -1.912957 -0.620478 -1.570864 -0.124343 -2.480712 2.620710 0.315066 0.998106 -0.658996 16.611997 0.304204
 64023.603041 -2.184088 -0.696415 -1.420007 -0.551819 -2.327421 2.698906 0.256721 0.998100 -0.658354 16.652236 0.306710
 64023.803041 -1.728330 -0.754658 -1.472514 -0.211109 -2.754369 2.631242 0.319607 0.997744 -0.657040 16.753784 0.309216
 64024.003041 -1.748130 -0.857454 -1.386695 -0.258973 -2.495264 2.621876 0.309684 0.997701 -0.655182 16.877785 0.311854
 64024.203041 -2.000398 -0.893932 -1.712924 -0.382691 -2.384424 2.647861 0.162936 0.998080 -0.658260 16.700744 0.315456
 64024.403041 -2.364991 -0.573809 -1.527033 -0.479271 -2.484035 2.622895 0.254269 0.998093 -0.659521 16.621852 0.317931
 64024.603041 -1.680490 -0.287307 -2.487462 -0.277203 -1.880341 -3.117671 0.231777 0.998146 -0.649624 17.286837 0.320883
 64024.803041 -2.176907 -0.257707 -2.054677 -0.321541 -2.465398 2.501629 0.301611 0.998116 -0.659081 16.647677 0.323458
 64025.003041 -2.011403 -0.313324 -2.030364 -0.756390 -2.162754 3.031821 0.159173 0.998119 -0.658146 16.705907 0.325965
 64025.203041 -1.352229 -0.970314 -1.631884 -0.099982 -2.760193 2.526270 0.370079 0.996618 -0.650844 17.266935 0.328629
 64025.403041 -1.093697 -0.514419 -1.883814 -0.469973 -2.482821 2.782094 0.336123 0.998113 -0.659780 16.605025 0.331138
 64025.603041 -1.058390 -0.691127 -1.944242 -0.305296 -2.299962 2.785261 0.358312 0.998117 -0.658825 16.663536 0.333579
 64025.803041 -1.511822 -0.999196 -1.560370 -0.202599 -2.257737 2.716385 0.247877 0.998006 -0.655935 16.854355 0.336287
 64026.003041 -1.319578 -0.377404 -2.580991 0.104914 -2.045811 2.770454 0.374563 0.998136 -0.652695 17.067719 0.338406
 64026.203041 -1.648525 -0.240347 -2.343456 -0.421040 -1.854766 2.769292 0.272327 0.998140 -0.651667 17.180567 0.341746
 64026.403041 -1.782154 -0.044115 -2.512162 -0.532480 -1.832980 2.868749 0.239908 0.998153 -0.647535 17.481875 0.345213
 64026.603041 -0.925206 -0.189349 -2.552722 -0.482617 -2.366084 -2.898892 0.405085 0.998123 -0.656892 16.826195 0.348002
 64026.803041 -1.003122 -0.443106 -2.510135 -0.062704 -2.246243 -3.122519 0.430433 0.998125 -0.656357 16.860984 0.350537
 64027.003041 -1.335682 -0.859433 -1.929642 -0.051869 -2.618160 2.248111 0.368578 0.998110 -0.659740 16.647608 0.353106
 64027.203041 -1.374391 -0.709709 -2.163786 -0.581129 -1.778025 2.522106 0.180643 0.998132 -0.654088 17.012425 0.355933
 64027.403041 -1.240459 -0.601916 -2.191597 -0.475595 -1.858538 2.473218 0.307723 0.998129 -0.654849 16.960923 0.359008
 64027.603041 -1.203944 -0.679757 -1.901431 -0.344916 -1.886298 2.464078 0.310235 0.998126 -0.655805 16.897245 0.361791
 64027.803041 -1.323974 -0.054001 -2.142110 -0.387960 -2.165282 2.747190 0.304467 0.998126 -0.656046 16.881349 0.364436
 64028.003041 -1.484920 -0.745989 -1.848794 -0.273491 -2.375606 2.566937 0.278386 0.998117 -0.658655 16.714284 0.366978
 64028.203041 -1.739607 -0.203776 -2.344298 0.130551 -2.749934 2.908576 0.474908 0.998114 -0.659512 16.703896 0.369528
 64028.403041 -0.802235 -0.557794 -2.109117 -0.163619 -2.677463 2.390435 0.542875 0.998111 -0.660517 16.643107 0.372035
 64028.603041 -1.134946 -0.149076 -1.925315 -0.413944 -2.785490 2.584593 0.431792 0.998110 -0.660321 16.654973 0.374514
 64028.803041 -1.434325 -0.220978 -1.774632 -0.259263 -2.850439 2.782595 0.403444 0.998097 -0.660213 16.662111 0.377040
 64029.003041 -1.706523 0.307911 -2.104705 -0.605203 -2.564962 2.628398 0.276132 0.998078 -0.657062 16.860078 0.379861
 64029.203041 -1.749721 0.051708 -2.454185 -0.037041 -2.673704 2.446465 0.353045 0.998121 -0.657528 16.827928 0.382472
 64029.403041 -1.757962 -0.152005 -1.861354 -0.458954 -2.699999 2.582020 0.289039 0.998105 -0.659761 16.689135 0.385093
 64029.603041 -1.721796 0.638762 -2.581989 -0.411683 -2.748960 2.803474 0.396584 0.998142 -0.650674 17.293271 0.387765
 64029.803041 -1.535631 -0.066492 -2.102522 -0.600706 -2.546819 2.680211 0.247628 0.998116 -0.659007 16.734930 0.390415
 64030.003041 -1.867700 -0.117293 -1.570451 -0.791874 -2.660252 2.583319 0.261868 0.997824 -0.657842 16.823005 0.392921
 64030.203041 -2.067076 0.069487 -2.062104 -0.644021 -2.556709 2.248009 0.271880 0.998113 -0.658983 16.778546 0.395531
 64030.403041 -1.461088 -0.353507 -2.005534 -0.907777 -2.479755 2.336214 0.270679 0.998112 -0.660146 16.707265 0.398091
 64030.603041 -1.825131 -0.012910 -2.383481 -0.437532 -2.446418 2.626551 0.330847 0.998123 -0.656754 16.919602 0.400945
 64030.803041 -1.909608 0.128900 -2.629124 -0.481320 -2.264255 2.894317 0.371623 0.998142 -0.650943 17.315474 0.403874
 64031.003041 -2.192208 -0.183321 -2.477298 -0.617836 -2.277915 2.792615 0.362007 0.998124 -0.656544 16.933201 0.406778
 64031.203041 -2.404773 0.070589 -2.580122 -0.368166 -2.250704 2.513689 0.431739 0.998133 -0.653815 17.115093 0.409654
 64031.403041 -2.036692 -0.038841 -2.306577 -0.499317 -2.021990 2.788608 0.276928 0.998133 -0.653651 17.126349 0.412669
 64031.603041 -1.215093 -0.300085 -2.456005 -0.343774 -2.292886 3.008678 0.386126 0.998125 -0.656379 16.943960 0.415696
 64031.803041 -1.165529 -0.239419 -2.232920 -0.344659 -2.444234 2.938481 0.366860 0.998118 -0.658537 16.806117 0.418331
 64032.003041 -1.089225 -0.516578 -2.221306 -0.316227 -2.643755 2.840957 0.361405 0.998113 -0.659820 16.727027 0.420914
 64032.203041 -1.482937 -0.042262 -2.490847 -0.209032 -2.914704 2.978573 0.534942 0.998116 -0.658888 16.826743 0.423608
 64032.403041 -1.381282 -0.354403 -2.453049 0.122759 -2.677766 2.825289 0.396112 0.998115 -0.659115 16.812713 0.426274
 64032.603041 -1.327738 -0.297752 -2.008009 -0.253446 -2.648542 2.690513 0.363168 0.998113 -0.659781 16.771885 0.428909
 64032.803041 -2.008046 -0.064741 -2.273560 -0.058485 -2.650705 2.839339 0.376527 0.998116 -0.658798 16.832351 0.431581
 64033.003041 -1.744451 0.131193 -2.373030 -0.160292 -2.474151 2.771792 0.457384 0.998126 -0.655816 17.023184 0.434304
 64033.203041 -1.277864 -0.681698 -2.432398 0.222519 -2.496214 2.784258 0.454041 0.998116 -0.658765 16.834438 0.437018
 64033.403041 -1.151313 -0.317811 -2.548734 0.167107 -2.511761 1.922339 0.572218 0.998118 -0.658127 16.874363 0.439724
 64033.603041 -1.337958 -0.035458 -2.571717 0.032963 -2.582558 2.784281 0.507517 0.998123 -0.656797 16.959228 0.442503
 64033.803041 -1.192263 -0.190173 -2.456602 0.155274 -2.705500 2.155758 0.634052 0.998115 -0.659328 16.799615 0.445194
 64034.003041 -0.931554 -0.285919 -2.524996 0.256620 -2.739140 2.844982 0.525091 0.998112 -0.660003 16.758438 0.447867
 64034.203041 -1.391081 -0.024932 -2.377376 0.000408 -2.332419 2.751921 0.405954 0.998126 -0.655936 17.057430 0.450566
 64034.403041 -1.415127 0.110628 -2.420996 0.260346 -2.599016 2.522542 0.631480 0.998118 -0.658006 16.924277 0.453452
 64034.603041 -0.710944 -0.460794 -2.191129 0.248592 -2.713838 2.246953 0.757636 0.998108 -0.661141 16.732690 0.456106
 64034.803041 -1.126315 -0.410294 -2.359427 0.221010 -2.560274 2.106539 0.618869 0.998113 -0.659623 16.823869 0.458721
 64035.003041 -1.212620 -0.609711 -2.421907 0.426378 -2.555213 2.153714 0.544884 0.998111 -0.660144 16.792258 0.461332
 64035.203042 -1.466455 -0.522813 -2.242790 0.261200 -2.786389 2.638007 0.569672 0.998110 -0.660605 16.764553 0.463976
 64035.403042 -1.572694 -0.653555 -2.630911 0.855519 -2.859039 2.527671 0.602274 0.998095 -0.663933 16.573561 0.466548
 64035.603042 -1.454148 -0.597081 -2.494606 -0.084756 -2.389509 2.551872 0.412232 0.998123 -0.656826 16.999504 0.469247
 64035.803042 -1.061080 -0.537868 -2.546915 -0.343007 -2.133675 2.790768 0.328259 0.998129 -0.655015 17.118287 0.472212
 64036.003042 -1.141216 -0.353694 -2.540290 -0.326250 -2.544253 2.897819 0.324745 0.998120 -0.657947 16.927948 0.474978
 64036.203042 -1.290591 -0.633401 -2.479574 -0.182326 -2.487733 2.993253 0.322765 0.998120 -0.657711 16.984267 0.477899
 64036.403042 -1.568819 -0.532557 -2.597996 0.083254 -2.747885 2.806539 0.326306 0.998117 -0.658619 16.927124 0.480656
 64036.603042 -1.449295 -0.453557 -2.526132 -0.009964 -2.740952 2.813431 0.335616 0.998116 -0.658859 16.912191 0.483521
 64036.803042 -1.127385 -0.435148 -2.630626 0.170295 -2.667442 2.602605 0.525939 0.998117 -0.658724 16.920625 0.486471
 64037.003042 -1.199742 -0.401543 -2.541497 0.080312 -2.446368 2.652729 0.435113 0.998121 -0.657519 16.996500 0.489284
 64037.203042 -1.587237 -0.504258 -2.574434 0.382160 -2.769124 3.031153 0.457991 0.998112 -0.659827 16.852755 0.491948
 64037.403042 -1.417301 -0.680796 -2.570310 0.292680 -1.944697 2.692591 0.323840 0.998136 -0.652575 17.325194 0.495020
 64037.603042 -1.247191 -0.705018 -2.299629 -0.116395 -2.538374 2.811994 0.348804 0.998116 -0.658905 16.909316 0.497963
 64037.803042 -1.148918 -0.542439 -2.505241 0.073131 -2.162901 2.596882 0.494266 0.998127 -0.655676 17.115831 0.500862
 64038.003042 -1.336019 -0.607345 -2.418819 0.515165 -2.767846 2.909005 0.544210 0.998107 -0.661278 16.765882 0.503590
 64038.203042 -2.061832 -0.209483 -2.344468 0.363705 -2.829182 2.749999 0.601379 0.998109 -0.660772 16.838125 0.506358
 64038.403042 -1.393985 -0.677278 -2.512177 0.398877 -2.399341 2.646197 0.461201 0.998117 -0.658449 16.979975 0.509079
 64038.603042 -0.999901 -0.671466 -2.488705 0.148030 -2.154467 2.737216 0.458835 0.998124 -0.656404 17.110249 0.511948
 64038.803042 -0.635710 -0.976658 -2.328583 0.761062 -2.522416 2.895655 0.620424 0.998098 -0.663362 16.688410 0.514582
 64039.003042 -1.510623 -0.210626 -2.482253 0.922070 -2.696011 2.738002 0.600562 0.998090 -0.664991 16.599151 0.517087
 64039.203042 -0.949471 -0.696936 -2.469795 0.656037 -2.258370 2.582625 0.574404 0.998107 -0.660892 16.831110 0.519740
 64039.403042 -1.171304 -0.477194 -2.452520 0.429761 -2.251120 2.547364 0.555598 0.998116 -0.658519 16.975610 0.522359
 64039.603042 -1.042912 -0.512316 -2.367485 0.565731 -2.224020 2.782724 0.538380 0.998110 -0.660182 16.873561 0.525100
 64039.803042 -0.942566 -0.404135 -2.463398 0.448141 -2.532473 2.744900 0.628779 0.998110 -0.660345 16.863679 0.527673
 64040.003042 -1.065063 -0.364910 -2.420230 -0.052587 -2.067525 3.008492 0.523482 0.998128 -0.655143 17.192896 0.530683
 64040.203042 -0.939013 -0.324040 -2.555758 0.541672 -2.621658 2.662253 0.692433 0.998108 -0.660830 16.874220 0.533518
 64040.403042 -1.160529 -0.600911 -1.966490 -0.004659 -1.894059 3.058282 0.458296 0.998125 -0.655919 17.181759 0.536379
 64040.603042 -1.372127 -0.727322 -2.120629 0.100108 -1.762339 -2.851658 0.376527 0.998133 -0.653331 17.354686 0.539555
 64040.803042 -1.331122 -0.254027 -2.392751 0.129107 -2.271962 2.780036 0.406847 0.998123 -0.656744 17.128114 0.542985
 64041.003042 -1.113799 -0.584623 -1.918893 -0.394789 -2.351752 -2.932379 0.339435 0.998115 -0.658986 16.986307 0.545759
 64041.203042 -0.962532 -0.387272 -2.155637 -0.012433 -1.709727 3.111040 0.477924 0.998131 -0.654080 17.303971 0.548941
 64041.403042 -0.993181 -0.327997 -2.527070 0.619391 -2.424264 2.898658 0.707487 0.998108 -0.660704 16.881831 0.551863
 64041.603042 -1.028438 -0.538349 -2.332395 0.578847 -2.448506 2.702804 0.626875 0.998107 -0.661235 16.850187 0.554567
 64041.803042 -1.214188 -0.570128 -2.193812 0.326583 -2.309644 3.055020 0.441274 0.998114 -0.659249 16.970112 0.557317
 64042.003042 -1.722283 -0.420489 -2.112549 0.708205 -2.700103 2.690056 0.559764 0.998100 -0.662958 16.750334 0.560071
 64042.203042 -1.165436 -0.404524 -2.283606 0.414299 -2.425857 2.753096 0.579957 0.998111 -0.660022 16.965090 0.562842
 64042.403042 -0.991613 -0.462422 -2.178250 0.236715 -2.262311 2.550570 0.577342 0.998115 -0.659136 17.019237 0.565659
 64042.603042 -1.389129 -0.486264 -1.745647 0.295997 -1.908695 2.641786 0.502934 0.998121 -0.657108 17.146667 0.568616
 64042.803042 -0.907159 -0.440288 -1.866154 0.269390 -2.615463 2.794194 0.672776 0.998109 -0.660964 16.908488 0.571480
 64043.003042 -1.190594 -0.384316 -2.080936 0.233395 -2.129256 2.699433 0.528958 0.998118 -0.658138 17.081355 0.574304
 64043.203042 -0.990606 -0.462301 -1.790416 0.175272 -2.172907 2.437682 0.652485 0.998115 -0.658988 17.028328 0.577271
 64043.403042 -1.412921 -0.327040 -1.968673 0.470985 -2.118285 2.556746 0.619523 0.998113 -0.659411 17.002353 0.579950
 64043.603042 -1.225298 -0.180591 -1.851699 -0.018742 -2.102061 2.915397 0.486105 0.998122 -0.656895 17.160302 0.582880
 64043.803042 -1.148584 -0.521597 -1.631355 0.347749 -2.624287 2.698963 0.617266 0.998109 -0.660920 16.911168 0.585725
 64044.003042 -0.868557 -0.668243 -1.337823 -0.306307 -1.962879 2.756327 0.522175 0.998125 -0.656093 17.212114 0.588568
 64044.203042 -1.107890 -0.205417 -1.819978 -0.370964 -1.328399 2.898509 0.416375 0.998144 -0.649732 17.685571 0.592131
 64044.403042 -1.096363 -0.263185 -2.062563 0.248971 -1.941343 2.898829 0.596690 0.998121 -0.656943 17.197090 0.595592
 64044.603042 -1.181403 -0.698710 -1.537140 -0.125018 -1.540453 2.538561 0.369556 0.998139 -0.651557 17.557436 0.598750
 64044.803042 -1.297638 -0.430206 -1.741690 -0.101959 -1.594878 2.030521 0.422039 0.998136 -0.652592 17.486107 0.602119
 64045.003042 -0.993857 -0.494040 -1.496178 -0.345044 -1.726904 2.315040 0.569026 0.998130 -0.654503 17.356791 0.605401
 64045.203042 -0.981785 -0.730348 -1.020207 -0.549379 -1.506645 2.863555 0.542989 0.998157 -0.646001 17.955162 0.609050
 64045.403042 -1.153226 -0.385799 -1.225596 -0.804979 -0.993045 2.720122 0.278169 0.998152 -0.646730 17.901870 0.612844
 64045.603042 -1.414607 -0.541669 -1.489821 0.076680 -1.661557 2.897117 0.448855 0.998136 -0.652416 17.498171 0.616877
 64045.803042 -1.317069 -0.832977 -1.263595 -0.111333 -1.606286 2.523101 0.463707 0.998150 -0.648134 17.799817 0.620354
 64046.003042 -1.315213 -0.537431 -1.573502 -0.550571 -0.958326 2.601330 0.273521 0.998149 -0.647882 17.818086 0.624277
 64046.203042 -0.702267 -0.881155 -1.423995 -0.142517 -1.687860 2.748531 0.595987 0.998131 -0.654369 17.402065 0.628188
 64046.403042 -1.157482 -0.346649 -1.914422 0.060928 -1.603023 2.510684 0.550038 0.998132 -0.653541 17.457959 0.631654
 64046.603042 -0.764586 -0.618854 -1.805904 0.009203 -1.547316 2.505912 0.622622 0.998127 -0.655299 17.340266 0.635128
 64046.803042 -0.821713 -0.486037 -1.994390 0.100808 -1.967102 2.598848 0.624909 0.998119 -0.657950 17.168593 0.638472
 64047.003042 -0.914844 -0.502821 -2.248145 0.358245 -2.107327 2.147925 0.677844 0.998115 -0.658903 17.108756 0.641648
 64047.203042 -1.242341 -0.370732 -2.188807 0.338447 -2.182925 2.064645 0.587450 0.998116 -0.658576 17.129184 0.644677
 64047.403042 -0.859662 -0.290030 -2.225155 0.256082 -1.930815 2.657284 0.661905 0.998121 -0.657212 17.215664 0.647913
 64047.603042 -1.139234 -0.285619 -2.128716 0.254007 -1.807133 2.834911 0.582328 0.998125 -0.655586 17.321353 0.651312
 64047.803042 -1.214012 -0.007476 -2.362568 0.073571 -1.370623 2.574997 0.455503 0.998165 -0.642722 18.236197 0.654951
 64048.003042 -0.946788 -0.327001 -1.700815 -0.157264 -1.690046 2.423717 0.545722 0.998129 -0.654684 17.381060 0.658866
 64048.203042 -1.157388 -0.227470 -1.623409 -0.188247 -1.994187 2.841150 0.454969 0.998126 -0.655963 17.335487 0.662096
 64048.403042 -1.224811 -0.106405 -1.699742 -0.064337 -2.409070 2.918514 0.547473 0.998112 -0.658534 17.170809 0.665334
 64048.603042 -1.022071 -0.045757 -2.193959 0.361634 -2.334456 2.733107 0.730224 0.998114 -0.659243 17.126379 0.668374
 64048.803042 -0.883487 -0.368579 -1.603044 0.136410 -2.083492 2.957960 0.708264 0.998118 -0.658278 17.186691 0.671339
 64049.003042 -1.329874 0.051833 -2.270801 0.578462 -2.274171 2.659173 0.708764 0.998111 -0.659587 17.105196 0.674342
 64049.203042 -1.563772 0.334837 -2.285276 0.039040 -1.622779 2.578523 0.535407 0.998179 -0.638372 18.602573 0.677670
 64049.403042 -1.251266 -0.392378 -1.482148 -0.193092 -1.766558 2.953207 0.557744 0.998134 -0.653218 17.518765 0.681209
 64049.603042 -1.632695 -0.486073 -1.274517 -0.402728 -1.356504 3.066537 0.389699 0.998162 -0.644469 18.143289 0.685409
 64049.803042 -1.281416 -0.409673 -1.607495 -0.080376 -1.390508 3.107737 0.507120 0.998145 -0.649607 17.770017 0.689485
 64050.003042 -1.298455 -0.487301 -1.532375 -0.366003 -1.009305 2.743301 0.511989 0.998154 -0.646343 18.005350 0.693686
 64050.203042 -1.314979 -0.282604 -1.680248 0.149258 -1.389976 2.524111 0.600443 0.998139 -0.651090 17.701381 0.697779
 64050.403042 -1.201885 -0.686053 -1.462924 0.077194 -1.267447 2.543500 0.581905 0.998145 -0.648967 17.851500 0.701877
 64050.603042 -1.124137 -0.706259 -1.572922 -0.051881 -1.168951 2.661444 0.555484 0.998146 -0.648841 17.860530 0.705961
 64050.803042 -1.427471 -0.546469 -1.573517 -0.537836 -0.543073 2.377210 0.327658 0.998140 -0.649412 17.819983 0.709929
 64051.003042 -1.858631 -0.084679 -1.767707 -0.264009 -1.058242 2.243581 0.366040 0.998162 -0.643596 18.244230 0.714512
 64051.203042 -1.991234 0.077242 -1.527604 -0.757882 -1.150645 2.604673 0.421728 0.998158 -0.644853 18.150903 0.719409
 64051.403042 -2.557191 0.039451 -1.410461 -0.488620 -0.802529 2.627372 0.437954 0.998157 -0.644692 18.162962 0.724284
 64051.603042 -2.161004 0.057710 -1.978165 -0.105271 -1.106313 2.517062 0.511368 0.998163 -0.642858 18.299407 0.728779
 64051.803042 -2.362937 -0.293620 -1.367132 -0.456557 -0.888232 2.479297 0.357702 0.998155 -0.645687 18.089445 0.733033
 64052.003042 -2.167446 -0.548597 -1.292801 -0.293352 -1.191627 2.545908 0.463509 0.998161 -0.644533 18.174504 0.737442
 64052.203042 -2.359673 -0.438227 -1.422976 -0.014604 -1.357079 2.761953 0.526529 0.998144 -0.649892 17.820512 0.742179
 64052.403042 -2.811446 -0.376836 -1.484167 0.263357 -1.505869 2.742902 0.662851 0.998122 -0.656555 17.365293 0.746259
 64052.603042 -2.393387 -0.219472 -1.667877 0.306927 -1.553328 2.652625 0.630278 0.998125 -0.655234 17.452480 0.749709
 64052.803042 -2.887513 0.150946 -1.641336 0.225456 -1.252170 2.822896 0.749261 0.998129 -0.653390 17.576957 0.753640
 64053.003042 -2.211328 -0.243462 -1.289591 0.091105 -1.248848 2.669685 0.607647 0.998157 -0.645201 18.160416 0.757609
 64053.203042 -2.526424 0.207166 -1.682765 0.349661 -1.643586 2.315203 0.766151 0.998128 -0.654043 17.532545 0.762166
 64053.403042 -2.447033 0.038603 -2.342264 0.290175 -1.026315 2.852948 0.670248 0.998145 -0.646908 18.035659 0.765569
 64053.603042 -2.407036 0.043342 -1.900403 0.203293 -1.248476 2.836441 0.645910 0.998140 -0.650034 17.810612 0.769212
 64053.803042 -1.905273 0.540777 -2.386484 0.334187 -1.068014 2.552435 0.634783 0.998220 -0.619065 19.960352 0.774311
 64054.003042 -1.682223 -0.071955 -2.248193 0.809466 -1.350471 2.845620 0.633592 0.998069 -0.666671 16.762912 0.777950
 64054.203042 -2.145710 -0.162252 -2.157873 0.703234 -1.095118 2.432478 0.619451 0.998066 -0.667092 16.783068 0.781424
 64054.403042 -2.236583 -0.031152 -2.252578 0.583219 -1.219660 2.577180 0.714234 0.998106 -0.657709 17.332390 0.784158
 64054.603042 -2.658812 -0.228941 -2.170717 0.685364 -1.041573 2.337690 0.708929 0.998062 -0.669038 16.683395 0.787544
 64054.803042 -1.880622 -0.381796 -2.215879 1.075911 -1.437936 2.552722 0.691252 0.998006 -0.681437 16.195393 0.789955
 64055.003042 -1.917326 0.131460 -2.475269 0.818775 -1.476893 2.413526 0.704726 0.998087 -0.661641 17.089422 0.792466
 64055.203042 -1.946564 -0.007844 -2.413533 0.623324 -1.399207 2.217171 0.622570 0.998120 -0.654264 17.558358 0.796297
 64055.403042 -1.143764 -0.005276 -2.763473 0.833996 -1.147852 2.576406 0.796945 0.998073 -0.662136 17.060689 0.799421
 64055.603042 -1.499811 0.144823 -2.337113 1.409175 -2.188731 2.443813 0.790469 0.997978 -0.688238 16.045341 0.801537
 64055.803042 -1.280754 0.206944 -2.489423 1.783997 -2.517452 2.357628 0.840187 0.997854 -0.711648 16.029854 0.803483
 64056.003042 -1.314577 -0.091354 -2.429416 1.292286 -1.916058 2.488869 0.788867 0.998003 -0.682937 16.155171 0.805364
 64056.203043 -1.098626 0.039251 -2.341404 0.876107 -1.639197 2.746839 0.746852 0.998076 -0.666269 16.868687 0.807963
 64056.403043 -0.901887 -0.212268 -2.378170 0.862990 -2.276790 2.449425 0.844016 0.998094 -0.664015 16.991634 0.810503
 64056.603043 -1.100736 0.192394 -2.569403 1.035548 -2.446855 2.571749 0.867501 0.998076 -0.667689 16.794145 0.813060
 64056.803043 -1.344655 0.168951 -2.891394 1.292989 -2.159298 2.522283 0.880534 0.998023 -0.677917 16.351705 0.815833
 64057.003043 -1.097836 -0.553693 -2.525874 1.614561 -2.557086 2.888662 0.814584 0.997988 -0.686818 16.115810 0.817890
 64057.203043 -1.249663 -0.256945 -2.070359 1.214848 -1.977425 2.683291 0.755958 0.998036 -0.676499 16.402239 0.820118
 64057.403043 -1.332733 -0.639048 -1.663671 0.817312 -1.733732 2.263220 0.716542 0.998090 -0.664305 16.975552 0.822681
 64057.603043 -1.180221 0.002086 -2.281214 0.533883 -1.655700 2.353047 0.711690 0.998122 -0.655442 17.515859 0.825609
 64057.803043 -1.648871 0.161995 -1.743664 0.037851 -1.438405 2.139187 0.540904 0.998161 -0.644151 18.303346 0.830876
 64058.003043 -0.972029 -0.074375 -2.011973 0.707889 -2.442242 2.452722 0.828242 0.998100 -0.662785 17.061662 0.834278
 64058.203043 -1.714109 -0.060798 -1.919810 0.710762 -2.230954 2.375461 0.678395 0.998102 -0.661997 17.148220 0.837215
 64058.403043 -1.489033 -0.116862 -1.823547 0.669240 -2.261477 2.432613 0.694282 0.998104 -0.661652 17.168480 0.840361
 64058.603043 -0.969122 -0.240610 -1.833592 0.807290 -2.500189 2.176891 0.818500 0.998096 -0.663880 17.039774 0.843373
 64058.803043 -1.413830 -0.146812 -1.970823 0.987770 -2.499158 1.887759 0.753782 0.998084 -0.666607 16.890807 0.846166
 64059.003043 -1.413692 0.031458 -2.423730 0.979675 -2.259569 2.250480 0.777760 0.998082 -0.666245 16.910187 0.848949
 64059.203043 -1.063587 -0.149232 -2.277789 1.153894 -2.796492 2.316110 0.843069 0.998069 -0.669927 16.722996 0.851219
 64059.403043 -1.577715 0.185358 -2.177861 0.987309 -2.257484 2.301992 0.756659 0.998076 -0.667729 16.832501 0.853774
 64059.603043 -1.523076 -0.190410 -1.965677 1.170349 -2.621489 1.855544 0.747821 0.998067 -0.670451 16.697988 0.856503
 64059.803043 -1.552143 -0.002681 -2.113650 0.889521 -2.619203 2.598486 0.742785 0.998090 -0.665211 16.965887 0.859183
 64060.003043 -1.300041 -0.677352 -1.623311 0.729880 -2.611404 2.409469 0.718787 0.998100 -0.663005 17.089569 0.862208
 64060.203043 -1.629061 -0.398808 -1.886508 1.032482 -2.744704 2.691904 0.674053 0.998082 -0.667150 16.902610 0.865155
 64060.403043 -1.134023 -0.568876 -1.633875 0.737308 -2.527247 2.157586 0.763421 0.998100 -0.662995 17.130680 0.867986
 64060.603043 -1.273217 -0.150239 -1.856934 0.411642 -2.036448 2.491692 0.680980 0.998116 -0.658408 17.406056 0.870999
 64060.803043 -1.312673 -0.307548 -1.395769 -0.021679 -1.525639 2.453836 0.527443 0.998146 -0.649316 18.009285 0.874641
 64061.003043 -1.865316 -0.315861 -1.373725 -0.092877 -1.460822 2.688798 0.467537 0.998153 -0.647050 18.168698 0.878854
 64061.203043 -1.255372 -0.061247 -1.716120 -0.164830 -1.519847 2.712791 0.493084 0.998146 -0.649357 18.006487 0.882920
 64061.403043 -1.657230 0.147704 -2.196219 0.131857 -1.433558 2.740820 0.502324 0.998166 -0.642210 18.517420 0.887289
 64061.603043 -1.239136 -0.374471 -2.050210 0.274793 -1.555451 2.619934 0.497422 0.998129 -0.654076 17.685339 0.891587
 64061.803043 -1.367220 -0.131059 -2.127069 0.088353 -1.314837 2.860250 0.439367 0.998152 -0.646819 18.185185 0.895792
 64062.003043 -1.270712 0.048758 -2.336784 0.224935 -1.532702 2.745607 0.538106 0.998154 -0.646246 18.225985 0.900683
 64062.203043 -1.190771 -0.361162 -1.902976 -0.129985 -1.357691 2.490060 0.395448 0.998142 -0.650380 17.970290 0.905118
 64062.403043 -1.044610 -0.256041 -1.691223 -0.319602 -1.011732 2.346088 0.455122 0.998147 -0.648325 18.113609 0.909774
 64062.603043 -1.192713 -0.113638 -2.386210 0.080981 -1.120133 2.307524 0.430949 0.998167 -0.641312 18.617825 0.914952
 64062.803043 -1.110765 -0.370313 -1.754076 -0.528902 -1.376483 2.475739 0.403313 0.998138 -0.651957 17.862032 0.919048
 64063.003043 -1.330389 -0.112011 -1.923940 -0.587509 -1.133619 2.369267 0.327878 0.998151 -0.647249 18.189555 0.923177
 64063.203043 -0.895349 -0.571648 -1.753331 -0.319697 -1.323914 2.346958 0.544232 0.998136 -0.652442 17.829113 0.927404
 64063.403043 -1.427980 0.192863 -1.962137 -0.642890 -1.009518 2.533257 0.308993 0.998170 -0.640521 18.675698 0.931827
 64063.603043 -1.303429 -0.282033 -1.465523 -0.569138 -1.608053 2.631490 0.427299 0.998139 -0.651889 17.866615 0.936378
 64063.803043 -1.182634 -0.189963 -1.719988 -0.545844 -1.250753 2.336045 0.388424 0.998145 -0.649474 18.033153 0.940379
 64064.003043 -1.018058 -0.448591 -2.077412 -0.170640 -1.214905 2.295773 0.464200 0.998144 -0.649766 18.012872 0.944973
 64064.203043 -1.037050 -0.254240 -2.012525 0.061074 -1.461047 2.530715 0.584835 0.998136 -0.652148 17.884889 0.949203
 64064.403043 -0.946644 -0.336982 -2.098453 -0.229982 -1.133428 2.705489 0.452769 0.998145 -0.649073 18.097098 0.953383
 64064.603043 -1.218186 -0.847699 -1.572671 -0.076874 -1.053064 2.241766 0.420675 0.998152 -0.646617 18.270362 0.957931
 64064.803043 -0.707055 -1.117805 -1.668560 -0.030876 -1.017899 2.529164 0.496829 0.998141 -0.649643 18.057473 0.961907
 64065.003043 -1.039549 -0.609169 -1.593018 -0.244341 -1.416402 2.107500 0.471604 0.998139 -0.651576 17.923860 0.965872
 64065.203043 -0.938607 -0.458385 -2.033699 -0.315253 -1.412351 2.453060 0.387042 0.998137 -0.652283 17.875699 0.969894
 64065.403043 -1.255244 -0.635402 -1.941833 0.280844 -1.691303 2.667056 0.447497 0.998125 -0.655645 17.651580 0.973960
 64065.603043 -1.128457 -0.576447 -1.931035 0.048795 -1.521595 2.392561 0.500376 0.998133 -0.653207 17.813249 0.977706
 64065.803043 -1.115525 -0.303210 -2.334365 0.193525 -1.142271 1.879734 0.546234 0.998148 -0.647310 18.221266 0.982256
 64066.003043 -1.158052 -0.311689 -2.282962 0.572631 -1.540953 1.592047 0.604597 0.998115 -0.657334 17.542665 0.986734
 64066.203043 -1.359415 -0.043618 -2.138321 0.160129 -1.364217 1.507263 0.556164 0.998151 -0.646788 18.295211 0.990932
 64066.403043 -1.233665 -0.144252 -2.049068 -0.019794 -1.450375 1.756636 0.526014 0.998146 -0.649209 18.125004 0.995564
 64066.603043 -1.005852 -0.217018 -1.960179 -0.130248 -1.389261 2.442631 0.508803 0.998141 -0.650898 18.008113 1.000093
 64066.803043 -1.159373 -0.340680 -1.963975 -0.027050 -1.530276 2.851878 0.540165 0.998137 -0.652145 17.922916 1.005077
 64067.003043 -1.273296 -0.431457 -1.989878 0.082331 -1.544632 2.605282 0.530799 0.998135 -0.652604 17.891859 1.008927
 64067.203043 -0.971425 -0.430924 -1.931117 -0.261387 -1.258908 2.493916 0.479052 0.998140 -0.651085 17.995267 1.013419
 64067.403043 -1.055559 -0.509343 -2.185570 -0.192607 -1.086320 2.296088 0.438584 0.998150 -0.647644 18.234730 1.017568
 64067.603043 -1.438153 -0.497732 -1.980772 0.154980 -1.513230 2.201335 0.494571 0.998135 -0.652485 17.899961 1.021804
 64067.803043 -1.358608 -0.095651 -2.070039 0.197850 -1.656763 2.623504 0.546521 0.998136 -0.652162 17.921804 1.025799
 64068.003043 -1.293948 0.103746 -2.122247 -0.030848 -1.539930 2.501133 0.494075 0.998155 -0.646163 18.339439 1.030642
 64068.203043 -1.151422 -0.610249 -1.816618 0.037967 -1.571883 2.371705 0.445884 0.998132 -0.653600 17.858596 1.035025
 64068.403043 -1.018347 -0.518605 -1.760553 0.129754 -1.428063 2.690962 0.510734 0.998131 -0.653597 17.858875 1.039166
 64068.603043 -1.072373 -0.480177 -1.488513 -0.273160 -1.565276 2.120594 0.457634 0.998137 -0.652258 17.949185 1.043357
 64068.803043 -1.232743 -0.283306 -1.858386 -0.079425 -1.289169 1.676342 0.468311 0.998146 -0.649125 18.165159 1.047982
 64069.003043 -1.238158 -0.069131 -2.042515 -0.043973 -1.299714 2.302872 0.469453 0.998153 -0.646674 18.337638 1.052569
 64069.203043 -1.389735 -0.178253 -1.628200 -0.057816 -1.438804 2.483932 0.430209 0.998147 -0.648852 18.184209 1.057105
 64069.403043 -1.055149 -0.136990 -2.016972 -0.047057 -1.491878 2.470321 0.505943 0.998140 -0.650958 18.038134 1.061815
 64069.603043 -1.197137 0.005067 -2.325519 -0.012337 -1.482798 2.244646 0.575161 0.998160 -0.644723 18.476700 1.068088
 64069.803043 -1.088216 -0.155902 -2.221484 0.037553 -1.307832 2.136194 0.542835 0.998150 -0.647536 18.276687 1.073177
 64070.003043 -1.097872 -0.470552 -2.162906 0.122440 -1.614333 1.921977 0.509775 0.998133 -0.653415 17.871038 1.078072
 64070.203043 -1.265521 0.153346 -2.458529 0.024973 -1.685929 2.378719 0.550509 0.998167 -0.642556 18.667868 1.082180
 64070.403043 -0.942569 -0.409427 -2.113520 -0.046873 -1.059875 2.738901 0.432686 0.998143 -0.649561 18.171288 1.087014
 64070.603043 -0.971076 -0.439087 -2.017225 -0.116345 -1.247509 2.840521 0.476820 0.998141 -0.650662 18.095001 1.091351
 64070.803043 -1.011255 -0.036301 -2.289167 -0.226259 -1.035088 2.612455 0.526986 0.998168 -0.641632 18.734628 1.096145
 64071.003043 -1.093664 -0.288576 -2.146463 0.143881 -1.331097 2.448295 0.631770 0.998140 -0.650660 18.095241 1.100597
 64071.203043 -0.961080 -0.370179 -2.312914 0.262590 -1.112590 2.180812 0.606612 0.998136 -0.650856 18.081880 1.105713
 64071.403043 -1.243251 -0.066270 -2.377326 0.322422 -1.240953 2.380722 0.604363 0.998151 -0.646084 18.415831 1.110360
 64071.603043 -1.253856 -0.447624 -2.177123 0.659662 -1.379311 2.272373 0.619380 0.998098 -0.661077 17.416173 1.115124
 64071.803043 -1.074070 -0.401347 -2.259598 0.483054 -1.274412 2.115778 0.676730 0.998118 -0.656007 17.736114 1.118840
 64072.003043 -1.175040 -0.131444 -2.633386 0.836849 -1.498510 2.098958 0.755945 0.998093 -0.661212 17.408240 1.123007
 64072.203043 -1.091248 -0.316605 -2.251290 0.578947 -1.308122 2.520770 0.705675 0.998107 -0.658568 17.610394 1.126621
 64072.403043 -1.088364 -0.297077 -2.559158 0.591878 -1.504455 2.175157 0.742479 0.998124 -0.654264 17.889306 1.130478
 64072.603043 -1.597753 -0.161118 -2.179012 0.338160 -1.589348 2.650666 0.512521 0.998134 -0.652247 18.024536 1.136281
 64072.803043 -1.185709 -0.075009 -2.449300 1.227536 -2.075676 2.518045 0.832503 0.998037 -0.676070 16.679275 1.139734
 64073.003043 -0.995760 -0.264908 -2.599673 0.574128 -0.973203 2.190862 0.708396 0.998110 -0.655344 17.818498 1.142524
 64073.203043 -1.238435 -0.442103 -2.469569 0.724160 -0.742288 2.217249 0.560125 0.998016 -0.676518 16.662053 1.145421
 64073.403043 -0.668938 -0.663748 -2.581288 0.795012 -1.316243 1.991181 0.779994 0.998080 -0.665063 17.221314 1.148186
 64073.603043 -1.190074 -0.400989 -2.347224 0.998604 -1.447432 1.792166 0.686957 0.998037 -0.674882 16.729519 1.151023
 64073.803043 -1.164898 -0.111623 -2.377243 0.627991 -1.249579 2.045802 0.683016 0.998105 -0.657872 17.654681 1.154414
 64074.003043 -1.365676 -0.051549 -2.499231 0.797971 -1.124452 2.766037 0.674312 0.998057 -0.667475 17.089291 1.160556
 64074.203043 -1.311547 -0.615618 -2.065034 1.091790 -1.281845 2.302736 0.671637 0.997969 -0.689089 16.324022 1.163199
 64074.403043 -1.218952 0.131049 -2.922055 0.881662 -1.148004 2.109670 0.909745 0.998085 -0.656082 17.810323 1.165647
 64074.603043 -1.679921 -0.243940 -2.601100 1.003730 -0.946235 2.593447 0.709342 0.997914 -0.696518 16.217226 1.168067
 64074.803043 -1.225969 -0.481891 -2.741091 1.509172 -1.212501 2.819137 0.813102 0.997578 -0.752319 16.944244 1.170338
 64075.003043 -0.797837 -0.594595 -2.200416 1.148363 -1.268726 2.552132 0.847971 0.997949 -0.693357 16.252673 1.172878
 64075.203043 -0.915746 -0.308082 -2.190615 0.555933 -0.765059 2.848858 0.788862 0.998061 -0.668148 17.093786 1.175094
 64075.403043 -0.904111 -0.540135 -2.200029 0.777294 -0.967943 2.406750 0.787743 0.998029 -0.675894 16.726828 1.177677
 64075.603043 -1.113239 -0.358674 -2.143774 0.546200 -1.272810 2.415192 0.748293 0.998107 -0.658649 17.644745 1.180848
 64075.803043 -1.090952 -0.418852 -2.319114 0.647589 -1.215513 2.635722 0.697375 0.998094 -0.661300 17.481676 1.184524
 64076.003043 -1.127066 -0.013584 -2.415455 0.161714 -0.997469 2.638691 0.678071 0.998169 -0.639963 18.921520 1.189425
 64076.203043 -1.067313 -0.349371 -1.842448 0.385155 -1.528131 2.781023 0.676448 0.998120 -0.656431 17.815027 1.193641
 64076.403043 -1.124459 -0.217763 -1.996204 0.255044 -1.148210 2.653510 0.677406 0.998133 -0.651911 18.115506 1.197926
 64076.603043 -1.383384 -0.195918 -2.067764 0.215694 -0.946653 2.614948 0.558458 0.998139 -0.649166 18.303832 1.202404
 64076.803043 -1.514042 -0.286072 -2.186646 0.452936 -1.220415 2.636221 0.598476 0.998124 -0.653754 17.991620 1.206565
 64077.003043 -1.144563 -0.201405 -2.332395 0.509025 -1.344090 2.481754 0.732637 0.998122 -0.654551 17.938544 1.210660
 64077.203044 -1.426855 -0.430089 -2.106313 0.451772 -1.324830 2.743225 0.579774 0.998121 -0.655108 17.901681 1.215554
 64077.403044 -1.282990 -0.406191 -2.119012 -0.052841 -0.920130 2.913011 0.402499 0.998151 -0.646276 18.505321 1.220131
 64077.603044 -1.222656 -0.210711 -2.486359 0.301920 -1.210510 2.956053 0.566239 0.998157 -0.644129 18.656890 1.224752
 64077.803044 -0.970727 -0.641750 -1.848839 0.417839 -1.287447 2.597266 0.655336 0.998115 -0.657298 17.759184 1.229148
 64078.003044 -1.351306 -0.494577 -1.668174 0.427154 -1.616898 2.435028 0.653027 0.998121 -0.656514 17.809628 1.232900
 64078.203044 -1.385818 -0.658118 -1.345723 -0.373993 -1.272741 2.783443 0.418379 0.998158 -0.645385 18.603361 1.238062
 64078.403044 -1.278975 -0.211062 -2.013911 0.079404 -1.780919 2.286430 0.556782 0.998131 -0.654084 18.005954 1.242808
 64078.603044 -1.008896 -0.465885 -2.307730 0.160945 -1.653322 2.509621 0.527202 0.998133 -0.653308 18.057744 1.246970
 64078.803044 -1.210210 0.048326 -2.286141 -0.106695 -1.675585 2.274625 0.530078 0.998152 -0.647645 18.445182 1.252237
 64079.003044 -0.837251 -0.628785 -1.832451 -0.214528 -1.415471 2.393575 0.518455 0.998133 -0.653439 18.048971 1.256719
 64079.203044 -1.315850 0.185622 -2.313663 -0.105130 -1.720441 2.440589 0.547202 0.998160 -0.644869 18.639656 1.261036
 64079.403044 -1.670033 0.382708 -2.007722 -0.387225 -1.572514 2.163365 0.436671 0.998176 -0.639709 19.005104 1.266863
 64079.603044 -1.168283 -0.242743 -1.343374 0.133445 -2.306294 2.589198 0.701737 0.998119 -0.657897 17.757276 1.271631
 64079.803044 -1.007831 -0.257731 -1.000890 -0.169072 -2.582586 -3.116877 0.717013 0.998109 -0.657475 17.784835 1.275507
 64080.003044 -1.146708 0.113654 -1.273122 -0.257039 -2.087076 2.750177 0.582793 0.998120 -0.652589 18.106841 1.279996
 64080.203044 -1.469230 0.158257 -1.213498 -0.014218 -2.308083 2.769424 0.617577 0.997879 -0.651666 18.217061 1.284612
 64080.403044 -1.198873 -0.071191 -1.316107 -0.031883 -2.184179 2.684973 0.542357 0.998125 -0.655596 17.941425 1.288745
 64080.603044 -1.232781 0.168593 -1.083248 -0.361643 -2.263839 2.650259 0.575640 0.997949 -0.650676 18.281231 1.293423
 64080.803044 -0.786441 -0.411730 -0.857804 -0.464052 -2.144780 2.821870 0.682987 0.998133 -0.654000 18.046828 1.298103
 64081.003044 -1.331039 0.385343 -1.424883 -0.141995 -2.640934 2.170231 0.635214 0.857982 -0.582575 7.875063 1.300391
 64081.203044 -1.308878 0.505965 -1.689061 -0.401998 -2.114571 2.341110 0.429262 0.881026 -0.578292 7.648886 1.302494
 64081.403044 -1.473052 0.343483 -1.386557 -0.367487 -2.237001 2.977150 0.408761 0.898548 -0.583578 8.050588 1.302748
 64081.603044 -1.367701 0.332858 -1.443512 0.002168 -2.645534 2.493397 0.613332 0.871691 -0.585304 7.854723 1.302840
 64081.803044 -1.150648 0.326815 -1.894227 -0.074139 -2.147623 2.657902 0.529453 0.998120 -0.653783 18.061973 1.304172
 64082.003044 -1.547123 0.005274 -1.288840 -0.082191 -2.275262 3.053725 0.545462 0.998046 -0.654246 18.034876 1.308643
 64082.203044 -1.150456 0.045592 -1.674655 0.237693 -2.351975 2.645390 0.594566 0.998115 -0.658637 17.780775 1.312850
 64082.403044 -1.439746 0.152276 -1.080455 -0.153291 -2.347984 2.422107 0.572072 0.997778 -0.649916 18.377346 1.316876
 64082.603044 -1.366127 -0.133537 -1.179670 -0.297849 -2.576455 2.142346 0.567591 0.997139 -0.651216 18.317156 1.321467
 64082.803044 -0.832975 -0.466580 -1.108396 -0.424531 -2.341874 1.597600 0.569092 -0.016453 0.741899 11.434876 1.323056
 64083.003044 -1.366250 -0.018583 -1.165324 -0.253342 -2.697174 0.980314 0.688827 -0.925579 0.779140 13.321819 1.323935
 64083.203044 -1.278128 0.249518 -1.542271 -0.837178 -1.857961 1.892424 0.378298 0.997658 -0.649154 18.435612 1.325243
 64083.403044 -1.164963 0.135694 -1.587224 -0.369627 -2.289865 2.311822 0.461022 0.997160 -0.650223 18.384150 1.327828
 64083.603044 -1.226262 0.004228 -1.557882 -0.281708 -2.769121 2.507055 0.514851 0.996107 -0.648318 18.553928 1.332489
 64083.803044 -1.180627 -0.297246 -1.665937 -0.636994 -2.272185 2.724942 0.378985 0.998116 -0.658798 17.770502 1.336647
 64084.003044 -1.094287 -0.661722 -1.166852 -0.535777 -2.706043 2.835308 0.428413 0.998024 -0.658783 17.776266 1.340520
 64084.203044 -1.491337 -0.300321 -1.035522 -0.709065 -2.390872 3.019254 0.404525 0.998119 -0.656633 17.946454 1.344621
 64084.403044 -1.649397 0.317904 -1.217748 -0.962570 -2.594081 2.953014 0.323483 0.868272 -0.585151 7.861701 1.346694
 64084.603044 -1.299459 0.145985 -1.345606 -0.690295 -2.732751 -3.107165 0.314715 0.873810 -0.587596 7.910761 1.346786
 64084.803044 -1.073492 0.302462 -1.513772 -1.023687 -2.665102 2.757529 0.284090 0.891590 -0.591722 8.095031 1.346873
 64085.003044 -1.260848 0.123349 -1.441839 -0.763848 -2.520884 2.200072 0.344528 0.940086 -0.601117 12.542447 1.346965
 64085.203044 -0.872366 -0.353286 -1.045851 -0.788679 -2.536777 2.530020 0.427170 0.998113 -0.659190 17.782734 1.348286
 64085.403044 -1.238626 -0.471496 -1.323101 -0.391647 -2.716563 2.818614 0.489960 0.998011 -0.658887 17.807251 1.352290
 64085.603044 -1.532273 -0.308938 -1.181940 -0.448652 -2.899799 2.918175 0.506490 0.997916 -0.658059 17.864845 1.356655
 64085.803044 -1.369219 -0.458091 -1.276368 -0.457029 -2.773191 2.918706 0.379855 0.997925 -0.658219 17.854138 1.360612
 64086.003044 -1.858857 -0.257079 -1.642488 -0.228830 -2.606721 2.704058 0.328087 0.998091 -0.659253 17.779964 1.364601
 64086.203044 -1.726907 -0.465997 -1.626782 -0.168214 -2.585471 2.953584 0.353845 0.998096 -0.659322 17.812214 1.368598
 64086.403044 -2.108919 -0.819462 -0.904624 -0.367161 -2.806509 2.840698 0.473452 0.513792 0.727056 9.120371 1.372266
 64086.603044 -2.120847 -0.485164 -1.320722 -0.124657 -2.954816 2.688506 0.448557 0.998056 -0.659930 17.776122 1.376260
 64086.803044 -2.352769 -0.182939 -1.625178 -0.132816 -2.638283 3.024445 0.423714 0.998043 -0.659331 17.814425 1.380270
 64087.003044 -2.360072 0.213516 -2.093717 -0.052516 -2.754133 2.731504 0.530276 0.998112 -0.659342 17.810116 1.384536
 64087.203044 -2.450138 0.661048 -2.453364 -0.402027 -2.505104 2.601815 0.570796 0.998135 -0.651270 18.339365 1.389481
 64087.403044 -2.536614 0.684709 -2.510639 -1.078625 -2.294862 2.537615 0.381963 0.998133 -0.653243 18.206382 1.394747
 64087.603044 -2.596833 0.878743 -2.751875 -0.819962 -2.626888 2.294683 0.454682 0.637400 0.685541 14.795235 1.399682
 64087.803044 -2.525866 0.074317 -2.032032 -0.636400 -2.840239 2.305563 0.416515 0.998101 -0.660512 17.737462 1.403708
 64088.003044 -2.371861 0.581283 -2.296173 -0.732462 -2.615423 2.587318 0.337053 0.997919 -0.654759 18.116448 1.407912
 64088.203044 -2.260806 -0.018780 -2.408493 -0.664767 -2.542080 2.164469 0.273279 0.998118 -0.658506 17.897990 1.412237
 64088.403044 -2.142910 -0.102155 -2.171740 -1.064740 -2.645748 2.201486 0.225534 0.998110 -0.660746 17.757369 1.416141
 64088.603044 -2.307763 -0.019102 -2.108318 -0.783940 -2.742903 1.690225 0.413341 0.997981 -0.659356 17.851119 1.420076
 64088.803044 -2.167541 -0.209908 -1.929194 -0.759433 -2.720118 2.487037 0.254899 0.998110 -0.660571 17.768249 1.424022
 64089.003044 -2.956340 -0.405587 -2.195745 -0.518281 -2.492958 2.685770 0.352345 0.998111 -0.660538 17.770226 1.427863
 64089.203044 -2.627359 -0.686876 -1.892067 -0.679966 -2.705051 2.281187 0.239825 0.998106 -0.660968 17.743850 1.431912
 64089.403044 -2.573101 -0.757851 -2.303018 -0.630643 -2.409698 1.964224 0.277544 0.998115 -0.659476 17.836607 1.435909
 64089.603044 -2.425467 -0.580769 -2.749832 -0.341680 -2.080710 2.261353 0.331039 0.998138 -0.652312 18.304012 1.440313
 64089.803044 -2.162682 -0.818903 -2.323481 -0.607398 -1.982920 2.645447 0.242819 0.998128 -0.655272 18.107233 1.445098
 64090.003044 -2.688713 -0.452210 -2.500245 -0.787263 -1.311239 3.040837 0.275257 0.998140 -0.651081 18.387134 1.449632
 64090.203044 -2.409917 -0.566271 -2.272563 -0.787919 -1.436368 2.446902 0.198522 0.998134 -0.653246 18.275535 1.454373
 64090.403044 -2.358613 -0.741642 -2.196674 -0.800640 -2.069387 3.071828 0.212347 0.998119 -0.658021 17.962453 1.458845
 64090.603044 -2.642528 -0.706567 -2.015740 -0.604041 -2.507439 3.074511 0.317916 0.998112 -0.660356 17.814732 1.462862
 64090.803044 -2.304862 -0.274528 -2.727835 -0.223286 -2.178213 2.798386 0.393355 0.998138 -0.652369 18.334264 1.467114
 64091.003044 -1.710697 -0.466264 -2.619772 -0.564790 -2.280719 2.833264 0.240312 0.998129 -0.655097 18.152591 1.471844
 64091.203044 -1.908793 -0.411380 -2.470142 -0.842440 -2.425923 2.743161 0.163993 0.998118 -0.658506 17.931457 1.476061
 64091.403044 -1.830126 -0.497236 -2.451350 -0.463304 -2.552321 3.084756 0.167685 0.998119 -0.658214 17.950097 1.480089
 64091.603044 -1.802188 -0.631356 -2.409503 -0.235949 -2.883559 2.988247 0.244093 0.998114 -0.659694 17.856171 1.484226
 64091.803044 -1.417244 -0.716098 -2.592351 -0.548388 -2.107646 2.816042 0.214433 0.998134 -0.653493 18.258979 1.488482
 64092.003044 -2.016898 -0.525741 -2.387433 -0.339177 -2.124775 2.857752 0.190318 0.998128 -0.655396 18.132908 1.493317
 64092.203044 -1.916770 -0.955122 -2.170644 -0.297767 -2.481955 3.036741 0.217891 0.998118 -0.658264 17.982065 1.497676
 64092.403044 -1.955591 -0.865275 -2.397323 -0.614897 -2.127729 2.837769 0.134048 0.998128 -0.655465 18.163624 1.501946
 64092.603044 -1.834265 -0.660123 -2.383761 -0.250780 -2.605630 2.845190 0.244895 0.998117 -0.658642 17.957883 1.506232
 64092.803044 -2.046563 -0.525305 -2.586348 -0.390874 -2.030440 2.920401 0.201930 0.998138 -0.652287 18.374980 1.510697
 64093.003044 -2.104917 -0.498319 -2.329127 -0.743975 -2.013141 2.933464 0.167122 0.998125 -0.656306 18.108611 1.515319
 64093.203044 -1.730490 -0.886234 -2.070955 -0.681006 -1.901124 2.858962 0.146420 0.998128 -0.655223 18.179600 1.519882
 64093.403044 -1.480873 -0.267518 -2.734869 -0.444580 -2.126759 2.393396 0.366430 0.998144 -0.650574 18.490669 1.525304
 64093.603044 -1.368827 -0.819742 -2.367110 -0.723436 -2.299446 2.868814 0.176702 0.998120 -0.657714 18.017370 1.529998
 64093.803044 -1.248531 -0.364391 -2.541381 -0.437642 -2.641698 2.797744 0.271192 0.998118 -0.658471 17.968778 1.534199
 64094.003044 -1.197785 -0.464711 -2.254989 -0.561683 -2.473706 2.351971 0.247099 0.998115 -0.659200 17.922427 1.538564
 64094.203044 -0.734549 -0.627117 -2.193545 -0.553633 -2.385791 2.201097 0.349413 0.998114 -0.659772 17.922542 1.542693
 64094.403044 -1.161217 -0.328528 -2.526311 -0.332836 -2.681478 2.263013 0.364109 0.998117 -0.658775 17.985643 1.547037
 64094.603044 -1.071213 -0.497416 -2.562746 -0.118733 -2.453543 2.741461 0.366878 0.998121 -0.657509 18.066770 1.551323
 64094.803044 -1.096279 -0.497978 -2.622495 -0.452825 -2.246480 2.623389 0.306322 0.998127 -0.655547 18.194372 1.556132
 64095.003044 -1.392050 -0.589321 -2.344114 -0.354840 -2.894877 2.965401 0.306976 0.998113 -0.660051 17.904947 1.560406
 64095.203044 -1.015083 -0.600585 -2.631659 -0.046214 -2.630420 2.559432 0.423517 0.998118 -0.658383 18.010663 1.564635
 64095.403044 -1.130682 -0.916257 -2.221543 -0.149960 -2.391521 2.862932 0.252842 0.998119 -0.658186 18.023271 1.568902
 64095.603044 -1.145190 -0.763320 -2.238705 -0.368722 -2.314902 2.439505 0.261144 0.998119 -0.658095 18.029043 1.573069
 64095.803044 -1.373733 -0.423091 -2.397662 -0.126659 -2.818803 2.867060 0.318364 0.998114 -0.659638 17.930962 1.577300
 64096.003044 -1.156332 -0.859501 -2.107285 -0.650071 -2.479889 2.525252 0.187709 0.998114 -0.659549 17.936593 1.581409
 64096.203044 -1.059686 -0.642838 -2.259672 -0.663935 -2.478834 3.008802 0.225445 0.998114 -0.659529 17.973988 1.585574
 64096.403044 -0.839575 -0.962438 -2.037377 -0.310843 -2.608837 2.577907 0.302204 0.998112 -0.660040 17.941827 1.589669
 64096.603044 -0.975286 -0.684535 -2.356380 -0.656104 -2.302740 2.143817 0.266006 0.998117 -0.658585 18.033889 1.593827
 64096.803044 -1.281835 -0.488811 -2.201360 -0.702811 -2.771690 2.065504 0.261308 0.998111 -0.660480 17.914237 1.598009
 64097.003044 -1.970784 -0.425709 -2.102221 -0.613164 -2.563782 2.623185 0.160035 0.998114 -0.659729 17.961352 1.602242
 64097.203044 -1.483626 -0.668570 -2.225060 -0.821022 -2.511706 2.328889 0.140372 0.998114 -0.659731 17.961275 1.606395
 64097.403044 -0.982801 -0.700126 -2.164502 -0.551551 -2.811111 2.427175 0.240774 0.998111 -0.660668 17.902501 1.610597
 64097.603044 -1.321054 -0.668465 -2.479174 -0.718271 -2.654127 2.617686 0.196796 0.998115 -0.659363 17.984458 1.614752
 64097.803044 -1.174663 -0.811019 -2.238289 -0.635727 -2.614235 2.171608 0.195963 0.998113 -0.659814 17.956007 1.618939
 64098.003044 -1.231171 -0.808560 -2.425789 -0.092422 -2.673705 1.928445 0.244847 0.998116 -0.659016 18.006443 1.623221
 64098.203045 -1.681336 -0.658927 -2.245360 -0.679507 -2.248582 2.468521 0.128424 0.998120 -0.657870 18.115406 1.627596
 64098.403045 -1.585293 -0.167120 -2.471707 -0.783927 -2.319067 2.367269 0.191117 0.998122 -0.657021 18.170106 1.632162
 64098.603045 -1.185735 -0.331688 -2.367342 -0.645683 -2.396834 1.869229 0.247485 0.998118 -0.658478 18.076481 1.637157
 64098.803045 -0.872825 -0.707806 -2.331751 -0.472701 -2.717559 1.745091 0.339715 0.998112 -0.660176 17.969069 1.641415
 64099.003045 -0.894830 -0.463959 -2.218147 -0.959240 -2.274980 1.300589 0.292192 0.998112 -0.659844 17.990004 1.645740
 64099.203045 -1.063766 -0.787813 -1.827002 -0.780305 -2.696345 1.781680 0.267818 0.993596 -0.641469 19.343277 1.650048
 64099.403045 -1.279706 -0.430714 -2.351251 -0.664031 -2.395705 2.483317 0.206770 0.998117 -0.658574 18.070416 1.654582
 64099.603045 -0.869650 -0.606759 -2.248406 -0.023411 -2.978622 2.611016 0.435374 0.998109 -0.661020 17.916411 1.658748
 64099.803045 -1.041988 -0.448571 -2.327604 -0.299971 -2.469252 2.443191 0.318313 0.998116 -0.658883 18.050740 1.663017
 64100.003045 -1.333448 -0.475176 -2.472407 -0.532904 -2.405831 2.669915 0.211597 0.998121 -0.657636 18.130461 1.667453
 64100.203045 -1.207822 -0.959529 -2.025081 -0.160920 -2.743671 2.623399 0.247542 0.998111 -0.660005 18.015087 1.671776
 64100.403045 -0.836029 -0.297481 -2.412704 -0.306720 -2.699730 2.465266 0.383487 0.998113 -0.659800 18.027849 1.676100
 64100.603045 -1.369021 -0.440999 -2.019622 -0.913937 -2.331845 2.521742 0.154542 0.998113 -0.659736 18.031948 1.680454
 64100.803045 -1.332059 -0.618412 -2.457373 -0.196926 -2.399284 2.492424 0.263244 0.998122 -0.657283 18.188464 1.684834
 64101.003045 -1.013257 -0.447982 -2.578765 -0.057105 -2.481252 2.485047 0.415551 0.998120 -0.657794 18.155571 1.689370
 64101.203045 -1.153504 -0.464304 -2.490987 -0.272788 -2.638114 2.567413 0.323373 0.998117 -0.658826 18.089533 1.693740
 64101.403045 -1.609344 -0.023293 -2.608023 -0.369929 -2.371050 2.725739 0.297153 0.998133 -0.653827 18.414410 1.698262
 64101.603045 -0.983128 -0.820299 -1.985042 -0.351164 -2.773465 3.136913 0.373430 0.998107 -0.660460 17.986641 1.702629
 64101.803045 -0.698613 -0.665314 -2.323693 -0.217986 -3.071992 2.756358 0.553426 0.998109 -0.661123 17.945109 1.706865
 64102.003045 -1.038577 -0.925986 -2.318399 -0.127917 -2.600113 -3.011460 0.322560 0.998116 -0.659032 18.076450 1.711197
 64102.203045 -0.759385 -0.956574 -2.292281 -0.405752 -2.514765 3.110992 0.337118 0.998115 -0.659354 18.091541 1.715783
 64102.403045 -0.998069 -0.707131 -2.448499 -0.064593 -2.719911 2.866120 0.390167 0.998114 -0.659583 18.077020 1.720281
 64102.603045 -1.174343 -0.647868 -2.626842 -0.088725 -2.816739 2.919822 0.401587 0.998116 -0.658920 18.119077 1.724679
 64102.803045 -1.267345 -0.629432 -2.445845 -0.519279 -1.919135 2.835279 0.227050 0.998134 -0.653339 18.481876 1.729375
 64103.003045 -1.375789 -0.717372 -2.534639 -0.241024 -2.339085 3.039175 0.267871 0.998126 -0.655881 18.314841 1.734488
 64103.203045 -1.095652 -0.769865 -2.574618 -0.069243 -2.358650 2.943595 0.394145 0.998125 -0.656379 18.282429 1.739136
 64103.403045 -1.532846 -0.709131 -2.223244 -0.370403 -2.650405 3.069317 0.261134 0.998115 -0.659368 18.090620 1.743790
 64103.603045 -1.139760 -0.866768 -2.825126 0.311830 -2.585417 2.886910 0.421585 0.998123 -0.656692 18.262144 1.748413
 64103.803045 -1.210051 -0.544009 -2.799988 -0.398825 -2.364850 2.956215 0.323801 0.998132 -0.654062 18.434113 1.752947
 64104.003045 -1.314563 -0.799328 -2.854128 0.010898 -2.216996 2.790517 0.376058 0.998146 -0.649803 18.717901 1.757963
 64104.203045 -1.270442 -0.866600 -2.734002 0.140606 -2.563882 3.124739 0.348466 0.998125 -0.656282 18.320894 1.763306
 64104.403045 -1.292839 -0.601585 -2.724863 -0.276901 -2.038090 2.850867 0.321032 0.998145 -0.649942 18.741226 1.768265
 64104.603045 -1.331569 -0.641162 -2.718605 -0.650530 -1.709507 2.772351 0.239238 0.998158 -0.645735 19.024819 1.774190
 64104.803045 -1.644372 -0.713727 -2.507303 -1.091873 -1.242140 2.917092 0.140421 0.998143 -0.649584 18.765485 1.780842
 64105.003045 -1.224115 -0.960893 -2.330178 -1.382780 -1.197666 2.920583 0.162906 0.998109 -0.658921 18.151145 1.785672
 64105.203045 -1.699244 -0.689538 -2.299749 -0.813710 -1.554313 2.598126 0.125217 0.998138 -0.651799 18.616916 1.790708
 64105.403045 -1.499090 -0.196302 -2.571315 -0.708574 -2.005041 2.682940 0.260423 0.998137 -0.652425 18.575127 1.796318
 64105.603045 -1.374177 -0.243537 -2.693275 -0.829975 -1.708964 2.578533 0.257501 0.998153 -0.647236 18.923530 1.801672
 64105.803045 -1.477174 -0.737913 -2.238480 -0.447206 -2.088943 2.936380 0.196131 0.998126 -0.655869 18.347851 1.807158
 64106.003045 -1.350892 -0.483781 -2.451594 -0.357515 -2.214151 3.123613 0.318343 0.998127 -0.655684 18.359887 1.812427
 64106.203045 -0.971942 -0.460539 -2.215055 -0.221411 -2.635144 2.942323 0.364582 0.998113 -0.659921 18.121261 1.817069
 64106.403045 -1.089616 -0.377312 -2.247702 -0.328254 -2.678633 2.568472 0.373760 0.998113 -0.659851 18.125667 1.821542
 64106.603045 -1.089272 -0.385927 -2.393146 -0.798524 -2.115408 2.677868 0.251620 0.998121 -0.657389 18.283228 1.826267
 64106.803045 -1.080455 -0.461281 -2.515040 -0.642157 -2.177510 2.681739 0.264797 0.998124 -0.656508 18.340338 1.830953
 64107.003045 -1.269721 -0.634023 -2.349870 -0.727708 -2.350983 2.801259 0.195217 0.998118 -0.658515 18.210758 1.835797
 64107.203045 -1.368240 -0.518219 -2.587426 -0.299690 -2.765571 2.509892 0.357070 0.998117 -0.658705 18.198605 1.840396
 64107.403045 -1.161793 -0.539096 -2.782661 -0.008102 -2.470099 2.918042 0.404702 0.998128 -0.655441 18.410000 1.845247
 64107.603045 -1.308467 -0.709885 -2.526652 -0.080837 -2.665622 2.876042 0.333194 0.998118 -0.658485 18.212660 1.849908
 64107.803045 -1.487001 -0.587895 -2.532956 0.120844 -2.851769 2.549801 0.410155 0.998114 -0.659573 18.143310 1.854610
 64108.003045 -1.572402 -0.649504 -2.667660 0.085325 -2.327141 3.011058 0.298706 0.998130 -0.654555 18.468213 1.859573
 64108.203045 -1.304832 -0.623591 -2.284316 -0.122047 -2.711107 2.508191 0.340604 0.998114 -0.659702 18.168507 1.864444
 64108.403045 -1.592858 -0.727370 -2.333056 -0.305034 -2.527497 2.316037 0.229135 0.998118 -0.658440 18.249073 1.869362
 64108.603045 -1.167164 -1.191780 -2.012110 -0.344577 -2.296080 2.711422 0.200875 0.998111 -0.656977 18.344113 1.874083
 64108.803045 -1.179768 -0.446019 -2.547746 -0.040313 -2.837687 2.895488 0.438947 0.998115 -0.659424 18.186227 1.878757
 64109.003045 -1.237065 -0.637912 -2.261840 -0.161422 -2.603611 2.659337 0.296744 0.998115 -0.659377 18.189172 1.883460
 64109.203045 -1.296830 -0.858990 -1.892906 -0.543107 -2.055260 2.676882 0.182113 0.998123 -0.656971 18.343880 1.888140
 64109.403045 -1.165307 -0.539811 -2.361753 -0.354592 -2.061572 2.764382 0.262153 0.998127 -0.655571 18.435206 1.892933
 64109.603045 -1.060031 -0.560823 -2.685688 -0.283621 -2.148454 2.432006 0.351368 0.998134 -0.653542 18.568782 1.897936
 64109.803045 -1.016078 -0.822449 -2.447453 -0.215453 -2.367937 2.162313 0.330108 0.998121 -0.657540 18.307080 1.902889
 64110.003045 -1.001323 -0.693011 -2.550557 -0.092667 -2.305365 2.162882 0.352980 0.998124 -0.656676 18.363047 1.907652
 64110.203045 -1.263915 -0.410610 -2.457565 -0.295867 -2.385163 2.232840 0.312494 0.998122 -0.657289 18.357422 1.912404
 64110.403045 -0.915881 -0.899001 -2.096208 -0.232936 -2.566131 2.847787 0.331622 0.998113 -0.659754 18.199290 1.917137
 64110.603045 -1.116653 -0.613189 -2.320812 -0.424479 -2.356064 2.444703 0.345518 0.998118 -0.658298 18.292316 1.921826
 64110.803045 -0.791784 -0.208673 -2.446376 -0.209588 -2.581129 2.200944 0.519032 0.998116 -0.659163 18.236940 1.926642
 64111.003045 -0.701404 -0.548547 -2.130569 -0.179403 -2.562060 2.604185 0.592232 0.998112 -0.660306 18.164298 1.931200
 64111.203045 -0.990849 -0.568770 -2.192390 -0.135921 -2.483861 2.326855 0.426319 0.998114 -0.659464 18.217751 1.935780
 64111.403045 -1.032177 -0.401583 -2.487930 -0.014126 -2.654535 2.640765 0.581214 0.998115 -0.659180 18.235827 1.940443
 64111.603045 -0.867074 -0.556701 -2.082695 -0.074620 -2.532414 2.619893 0.501695 0.998112 -0.660068 18.179359 1.945004
 64111.803045 -1.239691 -0.317067 -2.086074 -0.420969 -2.412107 2.339139 0.309928 0.998116 -0.658916 18.252672 1.949626
 64112.003045 -1.179110 -0.086954 -2.471496 -0.052778 -2.328994 2.044796 0.437752 0.998126 -0.655970 18.443251 1.954336
 64112.203045 -1.399745 0.139842 -2.327019 -0.081607 -2.680940 1.801941 0.516729 0.998119 -0.657919 18.350537 1.959381
 64112.403045 -1.394672 0.122802 -2.366125 -0.071553 -2.435403 2.025784 0.443062 0.998126 -0.655956 18.477968 1.964185
 64112.603045 -0.943805 -0.335972 -2.165425 -0.058543 -2.616830 2.200252 0.580265 0.998113 -0.660038 18.214893 1.968889
 64112.803045 -1.198694 -0.844730 -1.938010 -0.097352 -2.496571 2.667838 0.401529 0.998114 -0.659380 18.256753 1.973586
 64113.003045 -1.490390 -0.435673 -2.705164 0.206821 -2.407632 2.390562 0.475932 0.998126 -0.655689 18.495429 1.978602
 64113.203045 -1.554065 -0.560104 -2.262305 0.226294 -2.235342 2.024962 0.387591 0.998119 -0.657774 18.359905 1.983351
 64113.403045 -1.741599 -0.274956 -2.325436 -0.664766 -1.732137 2.570418 0.210841 0.998139 -0.651842 18.749402 1.989146
 64113.603045 -1.919722 -0.087859 -2.277186 -0.154894 -2.625913 2.541018 0.440252 0.998117 -0.658615 18.305713 1.994491
 64113.803045 -1.844120 -0.401290 -2.044993 -0.247201 -2.541187 2.997943 0.254445 0.998115 -0.659219 18.267036 1.999233
 64114.003045 -1.461385 -0.369491 -2.307480 -0.075778 -2.309847 2.359786 0.389636 0.998122 -0.657249 18.393837 2.004018
 64114.203045 -1.365919 -0.262423 -2.493740 0.198147 -2.804235 2.331525 0.526204 0.998113 -0.659638 18.274273 2.009027
 64114.403045 -0.988830 -0.442663 -2.553447 -0.065408 -2.419449 2.494331 0.492091 0.998121 -0.657603 18.404915 2.014108
 64114.603045 -0.924943 -0.391221 -2.362083 -0.191378 -2.673590 2.221125 0.527916 0.998113 -0.659785 18.264870 2.019003
 64114.803045 -1.503063 -0.245660 -2.016364 -0.243393 -2.876289 2.847211 0.444343 0.998112 -0.660312 18.231434 2.023749
 64115.003045 -1.122891 -0.221698 -2.452140 0.034611 -2.516655 2.773986 0.576565 0.998118 -0.658236 18.364093 2.028956
 64115.203045 -1.134093 -0.402883 -2.659651 0.319666 -2.786697 3.060680 0.568320 0.998113 -0.659548 18.280012 2.033672
 64115.403045 -1.577055 -0.294008 -2.205569 -0.160117 -2.367965 3.035085 0.350252 0.998120 -0.657693 18.399074 2.038583
 64115.603045 -1.490338 -0.464412 -1.865806 -0.077716 -2.669414 2.911646 0.455769 0.998112 -0.659990 18.251909 2.043395
 64115.803045 -0.982656 -0.543098 -2.495376 -0.080816 -2.409109 2.984781 0.440257 0.998120 -0.657856 18.388535 2.048318
 64116.003045 -1.459585 -0.550888 -1.545829 -0.314279 -2.512327 2.939500 0.406907 0.998080 -0.658863 18.325699 2.053155
 64116.203045 -0.735675 -0.695372 -2.397465 -0.637498 -1.790483 -2.995196 0.349823 0.998128 -0.655143 18.599430 2.058299
 64116.403045 -2.122616 -0.293100 -2.169491 -0.003111 -2.319999 2.648078 0.353159 0.998119 -0.658098 18.407276 2.064069
 64116.603045 -1.330720 -0.508309 -2.518705 0.005293 -2.508160 2.949241 0.487726 0.998120 -0.657726 18.431276 2.069006
 64116.803045 -1.110164 -0.579414 -2.176031 -0.396013 -1.877951 2.911824 0.275231 0.998128 -0.655222 18.594210 2.074311
 64117.003045 -1.604387 -0.119219 -2.222230 0.217412 -2.532393 2.626084 0.605495 0.998115 -0.659011 18.348644 2.079280
 64117.203045 -1.224253 -0.426484 -2.386618 0.317615 -2.472524 2.733300 0.611925 0.998114 -0.659314 18.329290 2.084165
 64117.403045 -1.161130 -0.423220 -2.270371 0.329455 -2.353794 2.837770 0.578988 0.998114 -0.659310 18.329528 2.089004
 64117.603045 -1.282879 -0.310322 -2.512060 0.345768 -2.862408 2.689256 0.712884 0.998110 -0.660418 18.259034 2.093650
 64117.803045 -1.783355 -0.228692 -2.232384 0.408683 -2.929379 3.051861 0.611303 0.998107 -0.661402 18.197050 2.098349
 64118.003045 -1.512544 -0.476496 -1.738260 0.173777 -2.615627 2.851733 0.514954 0.998111 -0.660183 18.273942 2.103070
 64118.203045 -0.757039 -0.705841 -2.191605 0.767687 -2.525180 2.864118 0.654971 0.998098 -0.663457 18.103875 2.107723
 64118.403045 -1.239957 -0.337695 -2.101590 0.522738 -2.819226 -3.072760 0.596845 0.998104 -0.662024 18.192607 2.112323
 64118.603045 -1.200373 -0.306852 -2.285515 0.287220 -2.429769 -3.017591 0.489918 0.998115 -0.659166 18.373256 2.117137
 64118.803045 -1.478543 -0.677727 -1.764845 0.255371 -2.444036 2.740478 0.492908 0.998113 -0.659794 18.333230 2.121912
 64119.003045 -1.229904 -0.741360 -1.894017 -0.191481 -1.445457 2.937255 0.283343 0.998141 -0.650774 18.921575 2.127371
 64119.203045 -1.367752 -0.162181 -2.126389 -0.170362 -1.284858 2.668572 0.383410 0.998157 -0.645500 19.270666 2.133577
 64119.403046 -1.246840 -0.166966 -2.205082 0.024647 -1.457855 3.103726 0.475021 0.998150 -0.647908 19.111514 2.139579
 64119.603046 -1.077334 -0.387823 -2.030702 0.082561 -1.663603 3.098886 0.492875 0.998131 -0.654098 18.702259 2.145175
 64119.803046 -0.994355 -0.669083 -1.307488 -0.480209 -1.370779 2.872946 0.414720 0.998147 -0.649148 19.029283 2.151239
 64120.003046 -1.101769 -0.328680 -2.085480 0.261847 -1.965348 -3.138551 0.619249 0.998121 -0.657179 18.501191 2.156839
 64120.203046 -0.829535 -0.549405 -1.827091 0.243269 -1.922849 3.043360 0.603512 0.998117 -0.658329 18.460470 2.161939
 64120.403046 -1.085877 -0.346966 -1.555105 -0.074263 -2.103707 2.662994 0.586358 0.998121 -0.657293 18.527255 2.167181
 64120.603046 -1.190174 -0.257196 -1.579688 0.004822 -2.165282 2.745395 0.595625 0.998121 -0.657447 18.517317 2.172468
 64120.803046 -1.005485 -0.641531 -1.306908 0.012183 -2.336550 -3.100571 0.642353 0.998111 -0.658165 18.471394 2.177704
 64121.003046 -1.235983 -0.541615 -1.503625 -0.030448 -1.685627 2.887106 0.512307 0.998135 -0.652964 18.810254 2.183028
 64121.203046 -0.678487 -0.800125 -1.437015 -0.206198 -1.849101 2.191120 0.613453 0.998125 -0.656311 18.591025 2.188670
 64121.403046 -0.904096 -0.723512 -1.228020 -0.399049 -1.824415 2.901137 0.658885 0.998133 -0.653708 18.761249 2.194314
 64121.603046 -0.869679 -0.664661 -1.647761 0.180493 -2.195674 -2.992390 0.668877 0.998115 -0.659110 18.410360 2.199788
 64121.803046 -1.169794 -0.571109 -1.617448 0.392767 -2.442742 2.429737 0.694276 0.998110 -0.660525 18.320254 2.204641
 64122.003046 -0.961008 -0.702267 -1.278821 -0.159419 -1.368122 2.602076 0.622234 0.998150 -0.648150 19.128198 2.210142
 64122.203046 -1.200332 -0.421913 -1.752009 0.318539 -1.746156 -3.052130 0.606961 0.998123 -0.656325 18.620434 2.216203
 64122.403046 -1.220218 -0.474340 -1.430640 0.212930 -1.773310 2.485403 0.661187 0.998129 -0.654698 18.726866 2.221737
 64122.603046 -1.118495 -0.528910 -1.667873 0.231279 -1.965767 2.479555 0.625542 0.998119 -0.657626 18.535785 2.227233
 64122.803046 -1.139950 -0.455660 -1.129036 -0.725677 -1.269819 2.851112 0.414122 0.998157 -0.645889 19.308291 2.232967
 64123.003046 -1.422564 -0.593956 -1.566908 -0.373742 -1.359106 2.502413 0.388706 0.998147 -0.649134 19.094134 2.240306
 64123.203046 -1.727040 -0.620911 -1.601377 -0.101549 -1.360959 2.466329 0.302513 0.998147 -0.648716 19.121795 2.246573
 64123.403046 -2.066244 -0.622295 -1.376796 -0.202264 -1.166581 2.267253 0.323219 0.998159 -0.644986 19.367639 2.253990
 64123.603046 -1.750615 -0.429222 -1.595388 0.050811 -1.495372 2.310565 0.394950 0.998141 -0.650769 18.985993 2.260719
 64123.803046 -1.531290 -0.611915 -1.769241 -0.221478 -1.086221 2.165161 0.270603 0.998151 -0.647117 19.227439 2.267468
 64124.003046 -1.126898 -0.732206 -1.508804 -0.034668 -1.247671 2.397929 0.428570 0.998146 -0.648885 19.110670 2.274238
 64124.203046 -0.892636 -0.660469 -1.312824 -0.321807 -1.074553 2.623252 0.533522 0.998153 -0.646919 19.271482 2.281010
 64124.403046 -1.093760 -0.757783 -1.334767 -0.051358 -1.228285 2.285674 0.512537 0.998154 -0.646434 19.303484 2.288531
 64124.603046 -0.781707 -0.598576 -1.285741 -0.132570 -1.111015 2.556599 0.617313 0.998149 -0.648064 19.195922 2.295228
 64124.803046 -1.457346 -0.641794 -1.228263 -0.151547 -1.108368 2.717518 0.400871 0.998173 -0.640108 19.714299 2.303708
 64125.003046 -0.856788 -0.602858 -1.251081 -0.234566 -1.156676 2.418851 0.528800 0.998153 -0.646851 19.275952 2.311119
 64125.203046 -1.168599 -0.307946 -1.125284 -0.226715 -1.272261 2.835464 0.519780 0.998173 -0.640485 19.690157 2.319232
 64125.403046 -1.032617 -0.249436 -1.208009 -0.162893 -1.282387 2.583978 0.587105 0.998163 -0.643920 19.468231 2.326851
 64125.603046 -1.133926 -0.354278 -1.251381 -0.479506 -1.276518 2.451255 0.439351 0.998157 -0.645832 19.343008 2.335064
 64125.803046 -1.038129 -0.445773 -1.878359 0.176241 -1.650466 2.801670 0.523798 0.998126 -0.655356 18.714256 2.341342
 64126.003046 -1.242216 -0.325706 -1.612050 0.236014 -1.749527 2.370196 0.633040 0.998127 -0.655249 18.721276 2.346992
 64126.203046 -1.338883 0.105219 -1.910485 -0.153094 -1.669391 2.510097 0.469456 0.998147 -0.649060 19.162320 2.353089
 64126.403046 -1.551188 -0.262860 -1.627144 -0.123785 -1.371438 2.676624 0.420388 0.998150 -0.647970 19.234293 2.360157
 64126.603046 -1.562999 -0.351693 -1.428828 0.297755 -2.248094 2.536585 0.616077 0.998118 -0.658214 18.560329 2.366263
 64126.803046 -1.530318 -0.256113 -1.372415 0.278658 -2.292678 2.729080 0.626804 0.998118 -0.657978 18.575665 2.371743
 64127.003046 -1.375814 0.024582 -1.638685 -0.108004 -1.871139 2.674006 0.568138 0.998136 -0.652531 18.932890 2.377067
 64127.203046 -1.077770 -0.133365 -1.688412 -0.150180 -1.711548 2.334195 0.485416 0.998134 -0.653296 18.882377 2.383594
 64127.403046 -0.997908 -0.513801 -1.533465 -0.201688 -1.999566 2.810728 0.538291 0.998123 -0.656802 18.652144 2.389571
 64127.603046 -1.204099 -0.040937 -2.275531 0.238047 -1.619891 2.951117 0.554619 0.998142 -0.650191 19.087658 2.395326
 64127.803046 -1.117814 -0.560010 -1.806964 0.193842 -1.612584 2.832565 0.513106 0.998127 -0.654940 18.774166 2.402378
 64128.003046 -1.013382 -0.372133 -1.882645 0.450449 -1.865958 3.083469 0.669555 0.998114 -0.658866 18.518264 2.407759
 64128.203046 -1.290368 -0.553083 -1.353047 0.190004 -1.701479 2.823055 0.548732 0.998135 -0.652827 18.946517 2.413685
 64128.403046 -1.342344 -0.550462 -1.489438 0.805104 -2.637926 2.712696 0.744685 0.998098 -0.663578 18.252219 2.419001
 64128.603046 -1.298232 -0.442948 -1.632780 0.555701 -2.610242 -3.101561 0.701964 0.998105 -0.661719 18.369026 2.423664
 64128.803046 -0.949216 -0.737270 -1.561770 0.319750 -2.486806 3.033750 0.686363 0.998109 -0.660468 18.448659 2.428556
 64129.003046 -1.019296 -0.269737 -1.963092 0.530097 -2.370274 2.841460 0.724666 0.998107 -0.661207 18.401562 2.433641
 64129.203046 -0.962090 -0.550361 -1.523459 -0.013108 -1.624103 -3.134961 0.563650 0.998132 -0.653678 18.890404 2.439001
 64129.403046 -1.012472 -0.638892 -1.067717 -0.363917 -1.713068 -2.854276 0.555628 0.998149 -0.648859 19.208045 2.445367
 64129.603046 -1.069878 -0.456687 -1.635253 0.096722 -2.109509 -2.961118 0.621862 0.998119 -0.657846 18.617653 2.450882
 64129.803046 -1.234563 -0.761515 -1.618092 0.246189 -2.151071 -3.033725 0.475702 0.998118 -0.658160 18.597275 2.456257
 64130.003046 -1.082609 -0.587069 -1.510128 0.186388 -2.415876 -2.808260 0.651599 0.998059 -0.659008 18.545365 2.461418
 64130.203046 -1.299163 -0.557792 -1.642691 0.252571 -2.010327 -3.012284 0.542364 0.998120 -0.657360 18.682582 2.466979
 64130.403046 -1.404425 -0.352284 -1.539289 0.474401 -2.686076 -3.114445 0.652150 0.998106 -0.661258 18.431628 2.472108
 64130.603046 -1.216984 -0.508076 -1.629416 0.253056 -2.364895 -2.896377 0.622917 0.998111 -0.659456 18.546993 2.477352
 64130.803046 -1.657196 -0.310348 -1.657121 0.034259 -1.901887 3.066197 0.430166 0.998129 -0.654779 18.851169 2.483372
 64131.003046 -1.418920 -0.312810 -1.443134 0.182389 -2.469031 2.989530 0.655133 0.998112 -0.659028 18.574597 2.489123
 64131.203046 -1.084120 -0.280369 -1.861540 0.315282 -2.334318 3.092800 0.665825 0.998112 -0.659820 18.523473 2.494507
 64131.403046 -0.890518 -0.615648 -1.235157 0.059898 -2.088868 2.923196 0.714917 0.998123 -0.656636 18.729665 2.500195
 64131.603046 -1.218125 -0.372532 -1.287231 0.046947 -2.016600 -2.826784 0.667694 0.998129 -0.654649 18.859733 2.505958
 64131.803046 -0.962478 -0.278961 -1.481486 -0.442758 -1.537144 3.076662 0.523755 0.998138 -0.652068 19.029394 2.512335
 64132.003046 -1.150410 -0.008793 -1.596059 -0.513425 -1.604009 2.705563 0.424919 0.998142 -0.650911 19.105541 2.519626
 64132.203046 -1.029360 -0.265198 -1.450277 0.028602 -2.405804 2.865289 0.709623 0.998114 -0.658905 18.612857 2.525490
 64132.403046 -1.108758 -0.088917 -1.389102 -0.054374 -2.328234 2.866224 0.669796 0.998109 -0.657379 18.712436 2.531139
 64132.603046 -1.080916 -0.471628 -1.031166 -0.246415 -2.510798 2.956564 0.569921 0.998118 -0.657519 18.702808 2.536712
 64132.803046 -1.035475 -0.235469 -1.455581 0.003361 -2.667504 -2.999734 0.574281 0.997754 -0.657178 18.743454 2.543258
 64133.003046 -1.041594 -0.535055 -1.465028 -0.275386 -2.116854 2.704974 0.477528 0.998121 -0.657350 18.713714 2.548788
 64133.203046 -1.280775 -0.186091 -1.449983 -0.082104 -2.627340 2.652625 0.566150 0.998059 -0.658878 18.617421 2.554277
 64133.403046 -1.449514 -0.051038 -1.505843 -0.186941 -2.595452 2.324625 0.513441 0.997138 -0.652244 19.095431 2.559800
 64133.603046 -1.465542 -0.092983 -1.627690 -0.179477 -2.674266 3.084219 0.481031 0.997601 -0.655620 18.852816 2.565726
 64133.803046 -1.305735 -0.322888 -1.314954 -0.351059 -2.370906 2.787213 0.489029 0.998111 -0.657653 18.694467 2.571096
 64134.003046 -1.682046 -0.333942 -1.131784 -0.117216 -2.493048 2.696638 0.499207 0.998118 -0.657135 18.727930 2.576697
 64134.203046 -1.403924 0.248067 -1.580918 -0.216935 -2.533689 2.780829 0.430540 0.939760 -0.599285 12.590998 2.582336
 64134.403046 -1.216867 0.349497 -1.660962 -0.173576 -2.923622 2.823051 0.579359 0.867350 -0.587002 7.914934 2.582533
 64134.603046 -1.482360 0.280454 -1.468750 -0.215305 -2.794090 3.003800 0.482506 0.861970 -0.584990 7.896696 2.582695
 64134.803046 -1.391981 0.136278 -1.019172 -0.528997 -2.756179 2.770663 0.543810 0.992943 -0.635810 20.246114 2.585401
 64135.003046 -1.367340 -0.281016 -1.042577 -0.384721 -2.877485 2.682670 0.589843 0.998091 -0.658795 18.653631 2.591262
 64135.203046 -0.861266 -0.073188 -1.407803 -0.382326 -2.221051 -3.097616 0.444099 0.998069 -0.656971 18.773730 2.595348
 64135.403046 -1.382374 0.109231 -1.195969 -0.345660 -2.645319 2.800921 0.470521 0.985636 -0.624305 20.515066 2.601177
 64135.603046 -1.504783 0.180217 -0.476762 -0.418550 2.890826 2.892110 0.843779 0.520850 0.730225 8.766014 2.601352
 64135.803046 -1.117881 0.681292 -1.034185 -0.656885 -2.346447 2.646791 0.602103 0.860258 -0.569366 7.527367 2.601623
 64136.003046 -1.051487 0.378399 -1.419624 -0.620694 -2.167305 3.045999 0.346373 0.901911 -0.585899 8.242188 2.602060
 64136.203046 -1.337642 -0.096914 -0.852001 -0.519352 -2.406808 2.598372 0.520217 0.998134 -0.653550 18.997030 2.607694
 64136.403046 -1.146202 0.293884 -1.127645 -0.498566 -2.697163 2.615448 0.585559 0.879739 -0.585905 7.977276 2.613923
 64136.603046 -1.108919 0.575102 -1.337674 -0.807530 -2.197690 2.679335 0.343377 0.859545 -0.576639 7.781594 2.613997
 64136.803046 -1.331207 0.562467 -1.222510 -0.735144 -2.068954 3.112924 0.271439 0.861679 -0.569179 7.577499 2.614060
 64137.003046 -1.438303 0.471547 -0.931336 -0.573457 -2.531362 2.904996 0.358150 0.864008 -0.574720 7.696554 2.614313
 64137.203046 -1.784591 0.765817 -1.147559 -0.627450 -2.089612 -3.129796 0.271824 0.862999 -0.554426 7.214061 2.617924
 64137.403046 -1.486894 0.648171 -1.453431 -0.284809 -2.006548 -2.785863 0.303352 0.861591 -0.561922 7.405167 2.617970
 64137.603046 -1.993474 0.678015 -1.248038 -0.453433 -2.062043 3.016971 0.318484 0.861935 -0.560486 7.366119 2.618027
 64137.803046 -1.580331 0.499779 -1.256918 -0.488990 -2.478758 3.120250 0.415402 0.858726 -0.577282 7.805695 2.618113
 64138.003046 -1.385846 0.377707 -1.245920 -0.524483 -2.756386 3.052043 0.515563 0.857894 -0.582739 7.952125 2.618603
 64138.203046 -1.212284 0.345882 0.453455 -1.230477 2.433255 2.190334 1.203963 0.530889 0.743420 7.679799 2.618875
 64138.403046 -1.525336 0.458767 -1.022846 -0.673596 -2.612118 2.650443 0.285950 0.793427 -0.489184 8.629291 2.619262
 64138.603046 -1.406855 0.606466 -1.419063 -0.433574 -2.669753 2.532978 0.269861 0.858096 -0.580297 8.021385 2.620093
 64138.803046 -1.234183 0.376748 -1.150293 -0.605695 -2.667375 1.998437 0.569026 -0.925346 0.780186 13.323305 2.620728
 64139.003046 -1.640241 2.285297 -2.891360 -0.495043 2.932475 1.268702 0.826335 -0.911454 0.842384 13.878772 2.621307
 64139.203046 -1.564050 2.234157 -2.024054 -1.418077 -3.039846 1.638627 0.589314 -0.926030 0.780909 13.403089 2.622047
 64139.403046 -1.223190 1.820842 -1.786695 -1.248406 -2.664863 2.535740 0.300429 -0.924133 0.788804 13.418407 2.622717
 64139.603046 -1.536458 1.821152 -1.807682 -1.066461 -2.630296 2.785917 0.188899 -0.922464 0.796783 13.473062 2.623397
 64139.803046 -1.457716 1.812521 -1.449189 -1.133416 -2.641056 2.773014 0.221788 -0.922400 0.797153 13.477529 2.624074
 64140.003046 -1.387921 1.584517 -1.487465 -0.835763 -2.741814 2.876999 0.265476 -0.922811 0.794376 13.438312 2.624756
