#! FIELDS time phi1 psi1 phi2 psi2 phi3 psi3 sum_abs ann.node-0 ann.node-1 WTMetaD.bias WTMetaD.acc
#! SET min_phi1 -pi
#! SET max_phi1 pi
#! SET min_psi1 -pi
#! SET max_psi1 pi
#! SET min_phi2 -pi
#! SET max_phi2 pi
#! SET min_psi2 -pi
#! SET max_psi2 pi
#! SET min_phi3 -pi
#! SET max_phi3 pi
#! SET min_psi3 -pi
#! SET max_psi3 pi
 81869.803889 -1.192787 2.706434 -2.058013 2.354610 -2.927541 2.676329 0.761295 -0.999997 0.168175 16.901855 1.000000
 81870.003889 -1.226237 2.909348 -2.206956 2.290008 -2.394646 2.578660 0.755729 -0.999997 0.325359 16.630439 0.001963
 81870.203889 -1.097200 2.607946 -2.003802 2.431991 -2.798793 2.070473 0.792882 -0.999997 0.346874 17.234642 0.003882
 81870.403889 -1.409207 3.099587 -2.394742 2.256395 -2.522808 2.929993 0.669813 -0.999997 0.235554 16.506731 0.005750
 81870.603889 -1.023431 2.726679 -2.035284 2.105513 -2.626518 2.758045 0.732109 -0.999997 0.205042 16.907118 0.007666
 81870.803889 -0.922437 2.430203 -1.728033 2.214178 -2.743963 2.433188 0.799303 -0.999997 0.145114 16.639903 0.009487
 81871.003889 -1.505011 2.943239 -2.196594 1.813304 -2.649861 2.707907 0.693156 -0.999996 0.143017 16.610988 0.011478
 81871.203889 -0.952250 2.180415 -1.641266 1.738704 -2.293062 2.969089 0.795012 -0.999996 0.113428 16.199293 0.013163
 81871.403889 -1.568089 2.656310 -1.972340 1.581496 -2.311649 2.947240 0.562907 -0.999989 0.274219 16.246135 0.015049
 81871.603889 -1.223450 2.604852 -1.598535 1.839663 -2.687643 2.885015 0.763816 -0.999996 0.175322 16.951084 0.016907
 81871.803889 -1.165263 2.412966 -1.566226 1.689959 -2.373527 2.892496 0.736143 -0.999994 0.207525 16.883092 0.018967
 81872.003889 -0.956356 2.293856 -1.385318 2.130931 -2.729013 2.660521 0.878144 -0.999997 0.104669 16.115015 0.020909
 81872.203889 -1.344195 2.345388 -1.477605 1.874323 -2.590866 3.008091 0.735720 -0.999996 0.204606 16.913194 0.022778
 81872.403889 -1.165334 2.624085 -1.840519 1.858002 -2.279713 2.642000 0.750164 -0.999996 0.299045 16.339274 0.024583
 81872.603889 -1.060589 2.319059 -1.480705 2.116419 -2.648798 2.815004 0.834699 -0.999997 0.147694 16.700892 0.026469
 81872.803889 -0.791867 2.528169 -1.754178 2.159577 -2.746213 2.744394 0.869739 -0.999997 0.122682 16.361808 0.028354
 81873.003889 -1.625901 2.444270 -1.264849 1.911669 -2.676761 2.782754 0.763744 -0.999996 0.256937 16.291544 0.030399
 81873.203889 -2.290942 2.448507 -1.532548 1.773342 -2.446135 2.619912 0.708636 -0.999996 0.249297 16.347944 0.032379
 81873.403889 -2.446124 2.254619 -1.505578 2.144808 -2.557883 2.570417 0.770224 -0.999997 0.191927 16.986499 0.034158
 81873.603889 -2.530488 2.042346 -1.177394 2.193873 -2.549667 2.473623 0.862255 -0.999997 0.113344 16.243445 0.036171
 81873.803889 -2.457396 2.331518 -1.571962 2.096653 -2.379785 2.533508 0.758506 -0.999996 0.293342 16.302995 0.038046
 81874.003889 -2.694740 2.329986 -1.686830 1.982649 -2.422121 2.306531 0.804990 -0.999996 0.262035 16.266362 0.040178
 81874.203889 -2.556218 2.634463 -1.818052 1.881597 -2.289399 2.669446 0.754517 -0.999996 0.332581 16.843226 0.042082
 81874.403889 -2.414522 2.508942 -1.952839 1.756632 -2.297129 2.527645 0.738299 -0.999996 0.307651 16.438984 0.045057
 81874.603889 -2.394573 2.730350 -2.175277 1.930866 -2.615108 2.747705 0.741991 -0.999996 0.260969 16.315975 0.046875
 81874.803889 -2.664400 2.589156 -1.852956 2.209522 -2.795802 2.570965 0.786488 -0.999997 0.197280 16.978552 0.048611
 81875.003889 -2.284430 2.971802 -2.314644 1.918363 -2.678334 2.931879 0.717315 -0.999996 0.207262 16.905088 0.050443
 81875.203889 -2.670513 2.941233 -2.155648 2.078662 -2.402352 3.020811 0.743324 -0.999996 0.318638 16.572824 0.052400
 81875.403889 -2.412894 2.902724 -2.200934 2.311501 -2.563157 2.606728 0.730560 -0.999997 0.295206 16.346052 0.054177
 81875.603889 -2.522057 2.898890 -1.969865 1.949854 -2.546663 2.618890 0.739487 -0.999996 0.192164 16.995870 0.056127
 81875.803889 -2.774280 2.675711 -1.614340 1.818384 -2.478339 1.835881 0.816976 0.191864 0.451910 10.020384 0.057375
 81876.003889 -2.235293 2.756750 -1.783430 1.767818 -2.551536 1.820828 0.684273 0.200379 0.434241 9.901650 0.057504
 81876.203889 -2.483152 2.515165 -1.713375 1.629510 -2.352021 1.908026 0.718948 0.206481 0.410530 9.684063 0.057626
 81876.403889 -2.585753 2.617281 -1.791554 1.890184 -2.651265 1.810347 0.783750 0.188066 0.431790 10.369062 0.057881
 81876.603889 -2.419258 2.709209 -1.612910 2.208249 -2.844654 2.491991 0.731851 -0.999997 0.216264 16.803448 0.058727
 81876.803889 -2.781586 2.583734 -1.725174 2.221350 -2.867923 2.429524 0.812080 -0.999997 0.181976 16.992101 0.060799
 81877.003889 -2.761177 2.709835 -1.846594 1.945282 -2.566352 2.920185 0.774222 -0.999996 0.233986 16.564311 0.062812
 81877.203889 -2.498336 2.565442 -2.110809 1.777002 -2.498563 2.491310 0.769665 -0.999996 0.260798 16.316745 0.064692
 81877.403889 -2.857685 1.665338 -1.480949 1.750354 -2.478724 2.676223 0.906914 -0.999996 -0.204523 16.746873 0.066839
 81877.603889 -2.659705 0.961163 -1.068092 1.810962 -2.627999 2.778917 0.933138 -0.999990 -0.346703 16.482175 0.068561
 81877.803889 -2.528243 0.836842 -1.162502 2.024626 -2.969258 2.796285 0.872287 -0.999997 -0.378472 17.104148 0.070846
 81878.003889 -2.533594 1.377029 -1.359673 1.635579 -2.014235 2.608880 0.831983 -0.999994 -0.263379 16.437930 0.072709
 81878.203889 -2.365344 1.897711 -1.154540 1.958648 -1.979841 3.083378 0.832158 -0.999996 0.224670 16.691955 0.074686
 81878.403889 -2.781362 1.977623 -1.434964 2.243588 -2.081485 2.730039 0.858900 -0.999997 0.136426 16.551419 0.076544
 81878.603889 -2.534993 2.479665 -1.680454 2.601761 -2.698996 2.737602 0.749217 -0.999997 0.263276 16.306848 0.078548
 81878.803889 -2.569672 2.697734 -2.026138 2.652344 -2.636929 2.955267 0.723814 -0.999997 0.346714 17.234541 0.081510
 81879.003889 -2.194398 2.343035 -1.661412 2.715615 -2.548057 2.748874 0.679660 -0.999997 0.291678 16.328875 0.083674
 81879.203889 -2.362263 1.797871 -1.888190 -2.800419 -2.766916 -2.859092 0.356301 -0.999997 -0.070632 17.245726 0.085412
 81879.403889 -2.668743 2.422799 -2.438516 2.788965 -2.580186 2.494885 0.608258 -0.999997 0.410636 18.413422 0.087742
 81879.603889 -2.535312 2.449772 -2.366410 2.566251 -2.343574 2.225362 0.696072 -0.999996 0.568489 15.730792 0.090095
 81879.803889 -2.556137 2.214565 -2.219535 -3.131783 -2.598744 2.353170 0.602435 -0.999997 0.221208 16.738964 0.092564
 81880.003889 -2.237505 2.371341 -2.263486 3.000913 -2.488326 2.346604 0.561112 -0.999996 0.416552 18.287601 0.094219
 81880.203889 -2.555639 2.373726 -2.642450 2.822198 -2.462594 2.376690 0.660981 -0.999997 0.555345 16.148459 0.096147
 81880.403889 -2.600421 2.313242 -2.721011 2.953944 -2.582197 2.544930 0.639563 -0.999997 0.474908 17.379863 0.098858
 81880.603889 -2.097542 2.666385 -2.718670 2.869701 -2.547929 2.396493 0.541199 -0.999997 0.624447 15.285674 0.099922
 81880.803889 -2.056306 2.133025 -2.576836 2.513201 -2.647826 2.416562 0.682971 -0.999997 0.295477 16.347820 0.101804
 81881.003889 -2.368186 2.150806 -2.473515 2.936679 -2.747321 2.508066 0.534779 -0.999997 0.201638 16.952698 0.103783
 81881.203889 -1.992731 2.733095 -2.840691 2.786983 -2.397958 3.017036 0.546331 -0.999996 0.725278 13.790117 0.105695
 81881.403889 -2.150099 2.779712 -2.869202 3.028123 -2.558013 2.536059 0.490755 -0.999997 0.638781 15.335647 0.106678
 81881.603889 -2.311194 2.755350 3.127266 2.865829 -2.701246 2.496948 0.580645 -0.999997 0.728877 13.716280 0.107598
 81881.803889 -2.058689 2.502133 -2.923512 2.366513 -2.352350 2.708773 0.563754 -0.999997 0.720212 13.907050 0.108570
 81882.003889 -1.641808 2.511991 -2.644776 2.749965 -2.481873 2.882734 0.486880 -0.999997 0.592551 15.290766 0.110417
 81882.203889 -1.599472 2.710155 -2.669219 2.567138 -2.549199 2.506168 0.506803 -0.999997 0.571382 15.699886 0.111609
 81882.403889 -1.390876 2.532824 -2.783753 2.650604 -2.664117 2.636645 0.601590 -0.999997 0.558957 16.059553 0.112949
 81882.603889 -1.722367 2.600377 -2.700294 2.838358 -2.632027 -3.109244 0.466640 -0.999996 0.647710 15.355835 0.113935
 81882.803889 -1.625143 2.227313 -2.646661 2.631154 -2.996320 2.961829 0.577164 -0.999997 0.294923 16.344803 0.115350
 81883.003889 -1.383090 2.556061 -2.825439 2.472365 -2.349097 2.544627 0.670283 -0.999997 0.680746 14.961466 0.117320
 81883.203889 -1.664983 2.635977 -2.878036 2.515236 -2.647933 2.717778 0.665511 -0.999997 0.630123 15.342308 0.118029
 81883.403889 -1.879345 2.704002 -2.820761 2.326846 -2.403001 2.729663 0.682213 -0.999996 0.670343 15.155387 0.119815
 81883.603889 -1.398190 2.666568 -2.912567 2.380664 -2.743217 2.896863 0.696475 -0.999997 0.606543 15.284142 0.121265
 81883.803889 -1.196503 2.606451 -2.530158 2.628552 -2.704050 2.546975 0.685115 -0.999997 0.415879 18.337914 0.124232
 81884.003889 -1.196585 2.731634 -2.953193 2.670844 -2.742700 2.784494 0.766501 -0.999997 0.601254 15.291881 0.126438
 81884.203889 -1.253728 2.625691 -2.735126 2.675327 -2.687334 -3.126887 0.673992 -0.999997 0.609846 15.335863 0.128035
 81884.403889 -1.753934 2.434199 -2.506118 2.333473 -2.667049 3.095220 0.580804 -0.999996 0.481731 17.424805 0.129774
 81884.603889 -1.751050 2.480922 -2.564452 2.514579 -2.763572 2.794964 0.551542 -0.999997 0.436153 17.787198 0.131655
 81884.803889 -1.222048 2.542080 -2.674090 2.677451 -2.600421 -2.996869 0.659010 -0.999996 0.648723 15.378448 0.132941
 81885.003889 -1.635952 2.436307 -2.162064 2.438147 -2.268122 2.964546 0.695645 -0.999996 0.503266 17.497465 0.135391
 81885.203889 -1.334719 2.863394 -2.720482 2.425742 -2.272398 2.758685 0.806225 -0.999997 0.620514 15.356028 0.136645
 81885.403889 -1.802995 2.801923 -2.280153 2.671598 -2.479698 2.775874 0.677491 -0.999997 0.437413 17.753648 0.139689
 81885.603889 -1.507584 3.134306 -2.637368 2.803247 -2.611143 2.933670 0.674233 -0.999997 0.312930 16.497546 0.142002
 81885.803889 -1.356516 2.546094 -2.161782 2.825135 -2.674413 2.600058 0.699505 -0.999997 0.311207 16.477367 0.144578
 81886.003889 -1.236113 2.498993 -2.559172 2.246830 -2.046935 2.680742 0.824493 -0.999996 0.642191 15.394829 0.147020
 81886.203889 -1.298954 2.315164 -2.373519 2.535213 -2.128248 2.400801 0.749693 -0.999997 0.540317 16.736317 0.148957
 81886.403889 -1.407441 2.733704 -2.780352 2.827433 -2.269564 2.555705 0.700436 -0.999997 0.690858 14.742498 0.150464
 81886.603889 -1.697468 2.538818 -2.609386 2.298523 -1.724460 2.450686 0.768883 -0.999996 0.791106 14.073478 0.151191
 81886.803889 -1.623307 2.356084 -2.530637 2.283632 -1.774078 2.439448 0.748811 -0.999997 0.729700 13.705625 0.151835
 81887.003889 -2.032889 2.413498 -2.420267 2.536200 -1.914005 2.597095 0.710148 -0.999996 0.689190 14.787988 0.152517
 81887.203889 -2.190598 2.686220 -2.448040 2.914619 -2.354536 2.721542 0.585992 -0.999996 0.558896 16.097050 0.153510
 81887.403889 -2.960769 2.845673 -2.404722 3.050095 -2.163434 2.971049 0.690912 -0.999997 0.543068 16.641031 0.155148
 81887.603889 -2.506224 2.883429 -2.888588 2.517220 -1.756763 2.528434 0.806982 -0.999997 0.814164 15.529899 0.155837
 81887.803889 -2.165583 2.326908 -2.559414 2.645280 -1.622326 2.662116 0.657579 -0.999997 0.772840 13.566276 0.156614
 81888.003889 -2.033030 2.493459 -2.698966 2.347684 -1.503058 2.521857 0.725543 -0.999997 0.833593 17.445216 0.157500
 81888.203889 -2.454967 2.832890 -2.481150 2.444769 -1.729179 3.005669 0.699303 -0.999997 0.767059 13.503413 0.158219
 81888.403889 -2.540559 -3.137694 -2.495075 2.463501 -1.376240 2.746030 0.759360 -0.999997 0.711530 14.148004 0.159582
 81888.603889 -2.778013 2.873577 -1.918031 1.880488 -0.898558 2.223112 0.486910 0.079449 0.766535 12.475854 0.160005
 81888.803890 -2.852708 2.692226 -1.881730 2.034702 -1.677372 2.111412 0.843412 0.159614 0.684430 9.056249 0.160225
 81889.003890 -2.675801 2.647110 -1.444014 2.489148 -1.838712 2.442773 0.798301 -0.999997 0.672787 15.164666 0.160738
 81889.203890 -2.717302 2.476927 -1.421191 2.205923 -1.248758 2.842808 0.831929 -0.999997 0.777141 13.659463 0.161396
 81889.403890 -2.879561 2.359605 -1.513332 1.245666 -0.396963 2.215958 0.612125 0.078896 0.690955 9.359590 0.161818
 81889.603890 -2.435253 2.348373 -1.522003 1.824423 -1.353198 2.740215 0.769324 -0.999997 0.678089 15.060015 0.162017
 81889.803890 -2.699418 2.778016 -1.583976 2.144509 -1.702836 3.079871 0.782586 -0.999996 0.686036 14.871238 0.162808
 81890.003890 -2.537425 2.990878 -2.068991 1.852640 -1.463702 -3.132873 0.728229 -0.999996 0.677188 15.079090 0.163449
 81890.203890 -2.634272 2.658005 -1.725750 1.038359 -0.822571 2.184135 0.662081 0.486485 0.668192 12.085922 0.163867
 81890.403890 -2.731061 3.006583 -1.766189 1.812542 -1.305852 2.900872 0.726340 -0.999974 0.615778 15.405180 0.164730
 81890.603890 -2.631015 2.968413 -1.986934 2.462959 -2.686293 -3.088143 0.735563 -0.999997 0.282099 16.298030 0.166997
 81890.803890 -2.298080 -2.991385 -2.295438 2.052639 -1.854976 -3.138576 0.681899 -0.999997 0.367875 17.967566 0.169316
 81891.003890 -2.672142 3.122744 -1.962699 2.006838 -1.696911 -2.792387 0.726993 -0.999996 0.661246 15.381767 0.170856
 81891.203890 -2.049463 2.959560 -2.099187 1.703864 -1.590896 -2.695042 0.645110 -0.999996 0.787597 13.959941 0.171647
 81891.403890 -1.894084 2.751979 -1.690305 2.091869 -1.769295 2.848919 0.689180 -0.999996 0.639530 15.481093 0.172549
 81891.603890 -1.334123 2.730168 -1.919240 1.815205 -1.542974 2.996361 0.680303 -0.999996 0.665708 15.328179 0.173645
 81891.803890 -1.237771 2.182577 -1.463300 1.605355 -1.233427 2.786489 0.723294 -0.999996 0.554641 16.238171 0.175413
 81892.003890 -0.778000 2.682313 -2.580925 2.501286 1.916434 1.947231 0.730023 -0.999998 0.602621 15.381003 0.177515
 81892.203890 -1.501413 2.197999 -1.253305 3.077216 -2.736318 -2.317953 0.666700 -0.999996 0.726331 13.800525 0.179412
 81892.403890 -1.130117 2.462500 -1.581163 2.491342 -2.216334 -2.956294 0.764986 -0.999996 0.593378 15.466124 0.181634
 81892.603890 -1.265341 2.157099 -1.083223 2.836731 -2.750523 2.650937 0.831978 -0.999997 0.176709 16.972293 0.183787
 81892.803890 -0.880290 2.238059 -1.148889 2.737898 -2.576131 2.702714 0.909563 -0.999997 0.228248 16.642463 0.185862
 81893.003890 -1.126848 2.597408 -1.403470 2.610516 -2.185045 3.021107 0.750930 -0.999997 0.554235 16.276552 0.187903
 81893.203890 -1.264450 2.676139 -1.361489 2.152122 -2.020208 2.808771 0.735467 -0.999996 0.562648 16.013055 0.188988
 81893.403890 -1.056598 2.789338 -1.863203 2.565386 -2.641689 2.888232 0.767443 -0.999997 0.243186 16.450400 0.191106
 81893.603890 -1.053885 2.711574 -1.642301 2.502947 -2.139850 2.507019 0.739386 -0.999997 0.474358 17.378761 0.193856
 81893.803890 -0.964467 2.662354 -2.155811 2.970172 -2.751214 2.635450 0.784956 -0.999997 0.223150 16.712652 0.196353
 81894.003890 -1.094308 2.822064 -2.375238 2.659810 -2.210574 2.465582 0.782307 -0.999997 0.525340 17.203786 0.198589
 81894.203890 -1.322799 2.910005 -2.327584 3.015463 -2.640491 2.729967 0.708980 -0.999997 0.281632 16.297008 0.200874
 81894.403890 -0.942782 2.404839 -1.733872 2.987231 -2.699869 2.780738 0.798509 -0.999997 0.161701 16.860904 0.202869
 81894.603890 -0.946361 2.089943 -1.674445 2.898644 -2.461452 2.443190 0.827450 -0.999997 0.072063 16.306951 0.204774
 81894.803890 -1.238847 2.301964 -1.654267 2.929084 -2.703845 2.608609 0.728384 -0.999997 0.156428 16.805858 0.206537
 81895.003890 -0.743900 2.484788 -2.007458 -3.121761 -2.637824 2.685489 0.839091 -0.999997 0.166378 16.903438 0.208487
 81895.203890 -1.031613 2.326336 -1.500998 2.983528 -2.530609 2.883391 0.792107 -0.999997 0.238727 16.502847 0.210428
 81895.403890 -0.940390 2.246978 -1.614727 2.479381 -2.248769 2.831992 0.841226 -0.999997 0.274810 16.288217 0.212296
 81895.603890 -1.085739 2.211317 -0.876634 2.129173 -1.937270 2.873469 0.767852 -0.999996 0.608711 15.438901 0.214374
 81895.803890 -1.114327 2.782317 -1.328191 2.502813 -2.730158 2.698208 0.793453 -0.999997 0.261916 16.311973 0.216354
 81896.003890 -1.028776 2.858461 -1.409375 2.240037 -2.291276 2.695208 0.794063 -0.999997 0.353457 17.462940 0.218593
 81896.203890 -1.102351 2.382240 -1.166766 2.389695 -2.686942 2.825701 0.846761 -0.999997 0.295513 16.361752 0.220463
 81896.403890 -1.262624 2.235414 -1.338060 2.604280 -2.529530 2.510531 0.744934 -0.999997 0.249666 16.389124 0.222252
 81896.603890 -1.312498 2.747482 -1.538084 2.676652 -2.632823 2.300574 0.719203 -0.999997 0.351540 17.437050 0.224142
 81896.803890 -2.094244 2.271741 -1.220313 2.529849 -2.456980 2.174975 0.775611 -0.999997 0.480189 17.435324 0.227225
 81897.003890 -2.658414 3.099794 -1.735328 2.334283 -2.369291 2.357419 0.759007 -0.999997 0.210465 16.871936 0.229358
 81897.203890 -2.002835 2.650307 -0.931854 2.417166 -2.353365 2.533061 0.808607 -0.999997 0.643784 15.512017 0.231480
 81897.403890 -0.848326 2.619591 -1.249072 2.841635 -2.603461 2.422234 0.879669 -0.999997 0.346732 17.280745 0.233716
 81897.603890 -1.747024 2.821383 -1.084915 2.692156 -2.295244 2.510607 0.738736 -0.999997 0.589640 15.507821 0.235591
 81897.803890 -2.383577 3.036218 -1.958856 2.525035 -2.581256 2.652891 0.683415 -0.999997 0.183555 16.995769 0.237705
 81898.003890 -1.931829 2.633491 -1.317979 2.618835 -2.817226 2.604915 0.719231 -0.999997 0.335192 16.946787 0.239784
 81898.203890 -1.293792 2.742717 -2.014591 2.486253 -2.692271 2.583630 0.718948 -0.999997 0.259167 16.333672 0.242065
 81898.403890 -1.552923 2.655127 -2.025396 2.539275 -2.787226 2.846483 0.693173 -0.999997 0.279717 16.316202 0.244254
 81898.603890 -1.034128 2.936342 -2.211833 2.807964 -2.553571 2.682325 0.747416 -0.999997 0.241087 16.477522 0.246151
 81898.803890 -1.356897 2.891865 -2.203341 2.843794 -2.575373 2.744771 0.661299 -0.999997 0.299017 16.412415 0.248098
 81899.003890 -1.557476 2.810697 -1.957774 2.695881 -2.849370 2.596018 0.667832 -0.999997 0.213837 16.833674 0.250739
 81899.203890 -1.687469 2.885088 -2.412701 2.160502 -2.123462 2.611730 0.724714 -0.999996 0.544237 16.653898 0.253246
 81899.403890 -2.077644 2.894247 -2.134993 2.184558 -2.244626 2.369049 0.701417 -0.999996 0.453747 17.451851 0.254762
 81899.603890 -1.796565 2.720811 -1.709445 2.610152 -2.632341 3.001521 0.666846 -0.999997 0.366060 17.973815 0.257308
 81899.803890 -1.293208 2.851236 -2.087984 2.541647 -2.812150 2.768611 0.718834 -0.999997 0.199229 16.968404 0.260112
 81900.003890 -1.895900 2.936418 -2.051367 2.320956 -2.489748 2.595524 0.678178 -0.999997 0.292237 16.367168 0.262225
 81900.203890 -1.323312 -3.061976 -2.601155 2.653852 -2.877987 2.499817 0.723921 -0.999997 0.071752 16.312946 0.264344
 81900.403890 -1.701655 2.928569 -2.401158 2.436265 -2.368207 2.362675 0.689558 -0.999997 0.485146 17.473736 0.266807
 81900.603890 -1.173210 2.946248 -2.983403 2.787915 -2.541701 2.293356 0.680274 -0.999997 0.646501 15.505210 0.268687
 81900.803890 -1.400620 2.786335 -2.757143 2.598094 -1.871589 2.662325 0.584856 -0.999997 0.777500 13.669557 0.270076
 81901.003890 -1.877644 1.914965 -1.957508 2.042304 -0.944116 1.703224 0.727396 0.079185 0.747819 12.034476 0.270888
 81901.203890 -1.751679 2.411178 -2.194227 2.787132 -1.982573 1.507242 0.599069 0.216460 0.854812 12.201774 0.271903
 81901.403890 -2.002061 2.402027 -2.200251 2.786384 -1.921938 0.432782 0.567065 0.258004 0.941137 15.579267 0.272597
 81901.603890 -2.417861 2.341124 -2.036931 2.535778 -1.377192 0.023495 0.689527 0.182707 0.931675 14.436121 0.273482
 81901.803890 -2.640821 2.171515 -1.761805 2.689703 -1.366078 -0.079503 0.688607 0.180171 0.930113 14.370619 0.274291
 81902.003890 -1.844478 2.252219 -1.884963 3.119235 -1.469395 -0.111183 0.492024 0.223900 0.939427 14.773029 0.275106
 81902.203890 -1.916384 1.455380 -1.792276 3.097785 -1.278809 -0.572304 0.456304 0.170961 0.895911 13.751749 0.275840
 81902.403890 -2.479842 1.411509 -1.719027 -3.011050 -1.400552 -0.635521 0.443299 0.189830 0.877366 13.314828 0.276506
 81902.603890 -2.349628 1.247187 -1.263510 -2.967507 -1.269905 -0.409180 0.536856 0.138139 0.837219 13.210112 0.276963
 81902.803890 -2.372710 1.668529 -1.785361 -2.784042 -1.251329 -0.701510 0.440767 0.218332 0.923071 13.488752 0.277505
 81903.003890 -2.452145 1.974523 -2.080476 3.107262 -1.013138 -0.702421 0.506607 0.138057 0.920220 14.546477 0.278207
 81903.203890 -2.455289 2.770645 -2.727267 2.907992 -1.369973 -0.330557 0.684235 0.132586 0.922223 14.727388 0.279065
 81903.403890 -2.333167 2.693297 -2.614550 2.685455 -1.008907 -0.732711 0.714402 0.089325 0.911061 14.858292 0.279973
 81903.603890 -2.425092 2.711948 -2.209150 2.847795 -0.978606 -0.144050 0.670858 0.110131 0.916133 14.783432 0.280880
 81903.803890 -2.774698 2.897283 -2.685975 2.755015 -1.167071 -0.223052 0.787540 0.099226 0.913415 14.830799 0.281772
 81904.003890 -2.497384 2.360449 -2.107029 2.506678 -1.152900 -0.153636 0.747043 0.141989 0.923468 14.649689 0.282640
 81904.203890 -2.523823 2.647568 -2.384887 2.684194 -1.594743 -0.309832 0.716635 0.194390 0.935287 14.587257 0.283530
 81904.403890 -2.627588 2.655853 -2.396461 2.357003 -1.248489 -0.263786 0.786378 0.142972 0.924283 14.735965 0.284408
 81904.603890 -2.304569 2.503171 -2.229511 2.364780 -1.169073 -0.586779 0.727353 0.144610 0.924683 14.732482 0.285294
 81904.803890 -2.527190 2.699186 -2.634311 2.261628 -0.907837 -0.582213 0.816190 0.083146 0.909340 14.867313 0.286176
 81905.003890 -2.259956 2.660042 -2.468324 2.499492 -1.454717 -0.189288 0.715093 0.169578 0.930335 14.667001 0.287067
 81905.203890 -2.620153 2.511705 -2.522419 2.450351 -1.426484 -0.521064 0.805929 0.159547 0.928173 14.697697 0.287964
 81905.403890 -2.275736 2.468856 -2.445361 2.295099 -1.459224 -0.133500 0.753924 0.183586 0.933035 14.591314 0.288847
 81905.603890 -2.807381 2.869260 -2.785245 2.594521 -1.473427 -0.140809 0.868144 0.131800 0.921564 14.758300 0.289735
 81905.803890 -1.991739 2.833271 -2.428548 2.803039 -1.309608 -0.370344 0.647075 0.148410 0.925663 14.727536 0.290627
 81906.003890 -1.702020 2.620588 -2.794624 2.663408 -1.645407 0.270181 0.737740 0.165909 0.928875 14.632536 0.291536
 81906.203890 -1.203841 2.383394 -2.574396 2.571931 -1.564862 -0.228290 0.753931 0.175995 0.931250 14.659683 0.292406
 81906.403890 -1.379441 2.641615 -2.919144 2.458475 -1.793070 0.016753 0.809573 0.171112 0.930543 14.707374 0.293276
 81906.603890 -1.461525 2.875332 -2.854937 2.688314 -1.984906 -0.059406 0.726683 0.196762 0.935230 14.588972 0.294153
 81906.803890 -1.824248 2.290332 -2.429427 2.617698 -2.042041 -0.209736 0.656123 0.257095 0.944851 16.052143 0.295139
 81907.003890 -1.435138 2.626154 -2.728103 2.113165 -1.338011 0.098871 0.826393 0.148130 0.925332 14.763291 0.296105
 81907.203890 -1.168204 2.790152 -2.541047 2.717480 -1.964883 0.096886 0.766210 0.228238 0.939606 14.891452 0.297011
 81907.403890 -1.405887 2.955086 -2.690395 2.813785 -1.889201 -0.352930 0.686592 0.206620 0.937069 14.653451 0.297871
 81907.603890 -1.753008 2.426207 -2.539728 2.493589 -1.696726 -0.118185 0.719462 0.205324 0.937194 14.676439 0.298753
 81907.803890 -1.214587 2.220835 -2.325179 2.534055 -1.485460 -0.380474 0.749494 0.186449 0.932536 14.543582 0.299628
 81908.003890 -1.129254 2.491030 -2.688867 2.284953 -1.482327 -0.254776 0.860121 0.160244 0.928224 14.745226 0.300540
 81908.203890 -1.336697 2.212137 -2.205701 2.322245 -1.352596 -0.241967 0.769620 0.181127 0.931291 14.603248 0.301406
 81908.403890 -0.869293 2.389184 -2.575609 2.424231 -1.272649 -0.274105 0.771429 0.129111 0.920635 14.826360 0.302303
 81908.603890 -1.231702 2.670868 -2.631187 2.490726 -1.072444 -0.562447 0.666229 0.096276 0.912890 14.904113 0.303238
 81908.803890 -1.473326 2.557551 -2.839464 2.414164 -1.264925 -0.226129 0.670347 0.109069 0.916446 14.897785 0.304182
 81909.003890 -1.313063 2.266264 -2.487613 2.690047 -1.341861 -0.341892 0.615844 0.150295 0.925536 14.793904 0.305096
 81909.203890 -1.362070 2.706760 -2.767537 2.728932 -1.544443 -0.206131 0.524153 0.150809 0.926363 14.836235 0.306005
 81909.403890 -1.380858 2.425777 -2.387950 2.712246 -1.570687 0.024601 0.524815 0.194982 0.934543 14.592888 0.306893
 81909.603890 -0.891778 2.626052 -2.637004 -3.130733 -2.197863 -0.212720 0.585263 0.259580 0.945181 16.174027 0.307991
 81909.803891 -0.956553 2.348579 -2.072571 2.871163 -1.892123 -0.233527 0.685419 0.256481 0.943746 15.896497 0.309677
 81910.003891 -0.950536 2.385584 -1.902228 2.497045 -1.603913 -0.184908 0.796157 0.217346 0.937871 14.701394 0.311032
 81910.203891 -1.206175 2.382714 -1.669858 2.321414 -1.357032 -0.129534 0.780203 0.185656 0.932376 14.631910 0.311939
 81910.403891 -1.460073 2.448522 -1.723923 2.513309 -1.341472 -0.038657 0.642589 0.178399 0.931176 14.687477 0.312810
 81910.603891 -0.943480 2.285038 -1.981864 2.695220 -1.874755 -0.464321 0.785787 0.252676 0.942870 15.714870 0.313851
 81910.803891 -0.988182 2.515065 -1.876230 2.787775 -1.905225 -0.216759 0.776196 0.258026 0.944522 16.074838 0.314863
 81911.003891 -1.067030 2.926467 -2.495097 2.759042 -1.754031 -0.597696 0.722190 0.203647 0.936083 14.667993 0.316124
 81911.203891 -1.143293 2.799133 -2.360439 2.690686 -1.426959 -0.416321 0.660653 0.166056 0.929165 14.785193 0.317033
 81911.403891 -0.953352 2.649795 -2.460533 2.439972 -1.710374 0.170084 0.862426 0.205124 0.935412 14.590724 0.317916
 81911.603891 -1.341024 2.742879 -2.367142 2.791215 -2.669450 0.741887 0.749205 0.259762 0.918828 13.946214 0.318667
 81911.803891 -1.454451 2.810396 -2.623513 2.678300 -1.938882 0.533029 0.680429 0.218539 0.935100 14.474654 0.319359
 81912.003891 -1.584435 2.594226 -2.319768 2.827441 -2.062376 -0.126352 0.506573 0.266147 0.946676 16.605333 0.320604
 81912.203891 -0.975192 1.995875 -2.318502 2.901893 -2.578169 0.045989 0.591457 0.271516 0.924681 14.760351 0.321883
 81912.403891 -1.083073 2.116538 -1.945452 2.455484 -1.794228 -0.474953 0.613078 0.249097 0.940833 15.413954 0.323280
 81912.603891 -1.082372 2.598230 -2.550607 2.401551 -1.581484 -0.213663 0.835335 0.181750 0.932533 14.728283 0.324571
 81912.803891 -1.256764 2.081399 -2.330904 2.213605 -1.758493 -0.237593 0.811269 0.244741 0.940596 15.291423 0.325675
 81913.003891 -1.202500 2.130732 -2.096588 2.254417 -1.517622 -0.344403 0.794866 0.217156 0.936971 14.683644 0.326757
 81913.203891 -1.262844 2.747296 -2.510466 2.169156 -1.356007 -0.348785 0.795211 0.164167 0.929053 14.812930 0.327630
 81913.403891 -1.180489 2.274871 -2.182930 2.691900 -1.798687 -0.339586 0.767495 0.240394 0.941825 15.366896 0.328903
 81913.603891 -1.208155 2.448229 -2.692219 2.586330 -1.965496 0.136397 0.732522 0.217018 0.937951 14.785090 0.330204
 81913.803891 -1.218538 2.211969 -2.564257 2.382241 -1.569701 -0.200710 0.834315 0.185481 0.932390 14.642117 0.331151
 81914.003891 -1.388126 2.668736 -2.571024 2.758596 -1.599204 -0.401840 0.718482 0.180929 0.932796 14.766085 0.332050
 81914.203891 -1.829909 2.589277 -2.319811 2.464579 -1.393267 -0.416857 0.650690 0.173812 0.931300 14.848081 0.332999
 81914.403891 -2.140373 2.551587 -2.426641 2.759491 -1.857231 -0.238025 0.637676 0.234704 0.942597 15.412785 0.334387
 81914.603891 -1.890823 2.839650 -2.561415 2.764666 -1.750781 -0.357937 0.658694 0.204989 0.937378 14.838211 0.335342
 81914.803891 -1.353052 2.785244 -2.584494 2.874283 -1.860992 -0.680871 0.718779 0.218624 0.939604 14.995565 0.336363
 81915.003891 -1.995635 2.713180 -2.334184 2.466497 -1.628022 -0.249575 0.633643 0.209833 0.938235 14.885642 0.337341
 81915.203891 -1.867584 2.919624 -2.685932 2.741620 -1.959053 -0.354878 0.604317 0.216495 0.939160 14.951546 0.338277
 81915.403891 -1.109725 2.713819 -2.567145 2.562004 -1.991603 -0.479424 0.733426 0.229177 0.941138 15.193198 0.339585
 81915.603891 -1.268866 2.839972 -2.830755 2.573759 -1.965610 -0.473655 0.705204 0.196392 0.935544 14.767262 0.340776
 81915.803891 -1.107128 2.496360 -2.826401 2.946423 -2.159168 -0.577064 0.604753 0.224927 0.940550 15.106554 0.341807
 81916.003891 -1.103750 2.362148 -2.647454 2.654966 -1.815636 -0.334672 0.669229 0.202927 0.936395 14.764108 0.342743
 81916.203891 -1.128144 2.978930 -2.682764 2.556483 -1.342301 -0.374099 0.671383 0.124469 0.919588 14.864531 0.343691
 81916.403891 -1.915111 2.461331 -2.227015 2.782417 -1.290247 -0.683207 0.499106 0.161963 0.928551 14.897037 0.344647
 81916.603891 -1.579831 2.502689 -2.442399 2.787589 -0.989917 -0.861527 0.487003 0.101811 0.914105 14.899250 0.345594
 81916.803891 -1.212042 2.702141 -2.243351 2.668017 -1.173343 -0.409503 0.657908 0.133728 0.921987 14.881112 0.346546
 81917.003891 -1.581581 2.827639 -2.650703 2.715817 -1.233064 -0.432489 0.651252 0.116334 0.918139 14.895308 0.347501
 81917.203891 -1.418811 2.779828 -2.456364 2.817444 -1.332092 -0.264754 0.585082 0.149038 0.925701 14.899025 0.348459
 81917.403891 -1.198303 2.706081 -2.516811 2.401323 -1.058626 -0.381780 0.778931 0.104419 0.914891 14.901811 0.349415
 81917.603891 -1.364325 2.519786 -2.381190 2.439512 -1.080823 -0.689260 0.689758 0.118490 0.918378 14.878876 0.350368
 81917.803891 -1.558539 2.646010 -2.368380 2.809167 -1.222168 -0.409645 0.642747 0.139802 0.923740 14.905228 0.351317
 81918.003891 -1.480620 2.270898 -2.376107 2.730472 -0.990019 -0.210541 0.693736 0.106205 0.914854 14.877413 0.352272
 81918.203891 -1.452329 2.336533 -2.718618 2.668337 -1.266058 -0.580266 0.677562 0.118607 0.918604 14.940069 0.353227
 81918.403891 -1.717976 2.518696 -2.644584 2.796667 -1.361369 -0.644711 0.636635 0.141082 0.924247 14.954984 0.354207
 81918.603891 -1.738172 2.501202 -2.761893 2.451538 -1.042798 -0.870528 0.720509 0.087728 0.910631 14.949190 0.355160
 81918.803891 -2.113441 2.490618 -2.821357 2.485878 -1.009808 -0.894417 0.741190 0.078527 0.908111 14.905907 0.356126
 81919.003891 -2.508647 2.670505 -2.478771 2.852638 -1.109123 -0.836172 0.678732 0.113770 0.917251 14.940921 0.357099
 81919.203891 -2.420563 2.597823 -2.742169 2.552239 -1.076975 -0.487049 0.786126 0.088809 0.911082 14.959391 0.358073
 81919.403891 -2.448144 2.681221 -2.289736 2.575870 -0.756642 -0.817623 0.728938 0.077380 0.907361 14.880123 0.359045
 81919.603891 -2.360248 2.927734 -2.560609 2.720388 -0.994484 -0.603487 0.719236 0.089436 0.910846 14.943097 0.360008
 81919.803891 -2.739266 2.671800 -2.356547 2.624177 -0.789694 -0.629581 0.787105 0.075554 0.906926 14.871575 0.360979
 81920.003891 -2.253795 2.830312 -2.754034 2.787721 -1.204140 -0.514217 0.694581 0.103931 0.915078 14.970631 0.361949
 81920.203891 -2.280840 2.738171 -2.722028 2.903848 -1.379604 -0.630595 0.698632 0.136184 0.923150 14.995210 0.363005
 81920.403891 -2.502372 2.459116 -2.549017 2.644079 -1.079764 -0.801394 0.773516 0.103787 0.914704 15.009016 0.363998
 81920.603891 -2.464120 2.543686 -2.380255 2.840954 -1.459549 -0.470491 0.698251 0.177985 0.932124 14.891358 0.364970
 81920.803891 -2.395164 2.520218 -2.523790 2.979615 -1.292680 -0.822962 0.591127 0.146254 0.925159 14.966606 0.365953
 81921.003891 -2.595868 2.069960 -2.052568 3.089576 -1.236807 -0.795371 0.634364 0.173492 0.928389 14.709199 0.366920
 81921.203891 -2.419275 1.928056 -1.667896 3.052975 -1.445873 -0.664492 0.666549 0.209577 0.933002 14.449952 0.367781
 81921.403891 -2.671747 2.172596 -1.913628 2.911567 -1.397293 -0.248101 0.741000 0.191478 0.932795 14.677322 0.368723
 81921.603891 -2.243516 2.283729 -1.763504 2.595107 -0.949742 -0.495730 0.670868 0.115435 0.917095 14.963484 0.369659
 81921.803891 -2.504523 2.240264 -1.918743 2.381660 -1.238984 -0.310212 0.757538 0.166008 0.928357 14.850197 0.370612
 81922.003891 -2.568274 2.130682 -1.786068 2.645619 -1.239093 -0.738042 0.734470 0.159928 0.926142 14.811322 0.371564
 81922.203891 -2.519185 2.207660 -1.775345 2.866104 -1.438297 -0.565690 0.687271 0.198376 0.934656 14.755476 0.372522
 81922.403891 -2.782351 2.159079 -2.171323 2.657323 -1.401252 -0.467985 0.735032 0.177055 0.930100 14.806964 0.373569
 81922.603891 -2.146771 2.688462 -2.553458 2.915489 -1.205453 -0.649703 0.581389 0.126825 0.920802 15.030179 0.374566
 81922.803891 -2.544590 2.525447 -2.460390 2.662885 -1.068919 -0.178436 0.675966 0.107336 0.915609 15.027139 0.375555
 81923.003891 -2.501666 2.693240 -2.611498 2.469022 -1.175990 -0.937852 0.734702 0.112752 0.916959 15.020529 0.376560
 81923.203891 -2.701427 2.782211 -2.439150 2.437158 -1.182484 -0.341708 0.777352 0.124267 0.919785 15.009607 0.377560
 81923.403891 -2.373769 2.823823 -2.573609 2.591795 -1.257382 -0.591936 0.628184 0.125146 0.920236 15.021481 0.378564
 81923.603891 -2.594110 3.025701 -2.864880 2.705083 -1.630321 -0.445929 0.794595 0.146190 0.924856 15.001403 0.379557
 81923.803891 -2.417375 2.548661 -2.520220 2.563298 -1.417667 -0.634429 0.713083 0.157553 0.927827 15.011647 0.380538
 81924.003891 -2.399054 2.877280 -2.164785 2.414800 -0.924879 -0.275139 0.716072 0.104083 0.914399 15.011814 0.381544
 81924.203891 -2.657629 -3.031415 -2.585528 2.869717 -1.365971 -0.328966 0.754557 0.136673 0.920814 14.950130 0.382517
 81924.403891 -2.138562 2.739349 -2.210182 2.589025 -1.035653 -0.570507 0.671243 0.117211 0.918130 15.068380 0.383524
 81924.603891 -2.304690 2.674342 -1.987597 2.924111 -1.751384 0.148602 0.647963 0.246793 0.942904 15.666534 0.384548
 81924.803891 -2.678944 3.079113 -2.468240 2.514089 -1.288986 -0.129837 0.783561 0.133815 0.920922 14.992252 0.385551
 81925.003891 -2.427445 2.802945 -2.027607 2.463470 -1.113281 -0.683490 0.709890 0.135080 0.922137 15.038577 0.386545
 81925.203891 -2.668672 2.705195 -2.396043 2.363784 -1.235940 -0.623370 0.795264 0.139597 0.923490 15.050631 0.387557
 81925.403891 -2.720688 3.019174 -2.246188 2.488132 -1.288926 -0.375905 0.773859 0.148709 0.924595 14.977369 0.388562
 81925.603891 -2.721527 -3.069716 -2.267893 2.795701 -1.275822 -0.244417 0.743150 0.142640 0.921683 14.912663 0.389518
 81925.803891 -2.466147 3.122555 -2.156840 2.308556 -0.946813 -0.877283 0.708097 0.108802 0.914216 15.000729 0.390430
 81926.003891 -2.735979 -2.738289 -2.456398 2.695575 -1.697195 -0.220841 0.760276 0.182327 0.919133 14.129110 0.391342
 81926.203891 -2.745157 -2.858779 -2.336102 2.796948 -1.854846 0.257418 0.755374 0.211149 0.918607 13.664484 0.391967
 81926.403891 -2.496744 -3.099794 -2.170066 2.479627 -1.491474 0.024518 0.720695 0.186399 0.929796 14.654621 0.392686
 81926.603891 -2.368218 3.035472 -1.972085 2.275773 -1.482977 -0.162441 0.705043 0.205699 0.935636 14.800576 0.393593
 81926.803891 -2.068360 2.930523 -2.097627 2.086951 -1.092420 -0.639402 0.670133 0.153074 0.926058 15.039615 0.394555
 81927.003891 -2.446647 2.814419 -2.149633 2.607787 -1.541541 -0.350440 0.686461 0.199307 0.935891 14.905672 0.395562
 81927.203891 -1.807198 -3.084835 -2.577843 2.683109 -1.161582 -0.687764 0.662281 0.109466 0.915075 15.041548 0.396550
 81927.403891 -2.089032 2.755312 -2.445138 2.715576 -1.559392 -0.233651 0.668904 0.186696 0.933845 14.957155 0.397567
 81927.603891 -2.158558 2.775469 -2.349723 2.749447 -1.340692 -0.492699 0.633326 0.158000 0.927834 15.074587 0.398578
 81927.803891 -2.501660 -2.995814 -2.819742 2.704941 -1.565738 0.063157 0.791814 0.140482 0.920759 14.932977 0.399590
 81928.003891 -2.459506 2.709136 -2.148169 2.470435 -1.244374 -0.098833 0.738712 0.153352 0.926298 15.049986 0.400554
 81928.203891 -2.588328 2.559731 -1.683623 2.694398 -1.670411 0.406413 0.757048 0.224636 0.936913 14.812185 0.401482
 81928.403891 -2.684911 3.066192 -2.439699 2.897357 -1.686921 0.339476 0.760438 0.200584 0.931552 14.547727 0.402306
 81928.603891 -2.094248 3.095310 -2.397627 2.707085 -1.566571 -0.569110 0.662680 0.187287 0.932713 14.890093 0.403272
 81928.803891 -2.764060 -3.089154 -2.269187 2.629339 -1.256003 -0.698213 0.756442 0.137423 0.920665 15.014370 0.404272
 81929.003891 -2.294776 2.725263 -2.132243 2.663360 -1.391846 -0.554949 0.683304 0.177434 0.931832 15.038487 0.405261
 81929.203891 -2.412534 2.476034 -1.935649 2.685504 -1.503872 -0.398737 0.680660 0.203793 0.936828 14.958304 0.406283
 81929.403891 -2.518305 2.930604 -2.483472 2.734207 -1.230324 -0.513978 0.728150 0.126123 0.920150 15.115620 0.407300
 81929.603891 -1.997031 3.113454 -2.505200 2.976109 -1.439431 -0.592526 0.580509 0.167268 0.928830 15.032583 0.408335
 81929.803891 -1.878238 3.049173 -2.515916 2.526744 -0.890992 -0.806278 0.661119 0.081322 0.908148 14.999833 0.409344
 81930.003891 -1.493341 3.028055 -2.391507 2.831614 -1.361961 -0.256517 0.635041 0.157096 0.926707 15.069741 0.410364
 81930.203891 -2.022278 -3.082472 -2.743796 2.559143 -1.104673 -0.467249 0.710576 0.089506 0.910285 15.057866 0.411394
 81930.403891 -2.249561 2.710663 -2.255470 2.802944 -1.552992 -0.136213 0.611049 0.200937 0.936346 14.979106 0.412424
 81930.603891 -2.099842 3.017122 -2.433041 2.822080 -1.669034 -0.746661 0.609005 0.203722 0.936129 14.919927 0.413462
 81930.803892 -2.501736 3.139992 -2.706089 2.611616 -1.246399 -0.682777 0.765447 0.108394 0.915189 15.111421 0.414509
 81931.003892 -2.345803 -3.022463 -2.447520 2.846676 -1.529125 -0.281152 0.672201 0.176324 0.928822 14.891837 0.415536
 81931.203892 -2.252908 3.141056 -2.572647 2.710729 -1.122422 -0.598752 0.692179 0.104089 0.914081 15.105247 0.416551
 81931.403892 -2.362246 2.696515 -2.326468 2.678981 -1.023529 -0.459473 0.705066 0.108792 0.916074 15.147493 0.417612
 81931.603892 -1.872665 2.684598 -2.482363 2.783846 -1.237664 -0.736166 0.667445 0.134136 0.922448 15.189520 0.418680
 81931.803892 -2.046203 3.045994 -2.586305 3.054309 -1.140338 -0.576983 0.537383 0.118304 0.918135 15.139420 0.419724
 81932.003892 -2.162373 2.604872 -2.416699 3.088562 -1.079402 -0.608947 0.562715 0.127537 0.920896 15.178015 0.420793
 81932.203892 -2.147654 2.647615 -2.471541 3.084509 -1.207720 -0.871651 0.561589 0.143640 0.924552 15.239729 0.421879
 81932.403892 -2.670131 2.885164 -2.571873 2.724042 -1.251194 -0.855895 0.787198 0.121190 0.918800 15.191864 0.422938
 81932.603892 -2.619448 -3.102172 -2.688607 2.680480 -1.529076 -0.880639 0.730648 0.148890 0.923790 15.122424 0.424000
 81932.803892 -2.420282 3.106384 -2.696755 2.852113 -1.459337 -0.675321 0.704809 0.144110 0.923895 15.195711 0.425033
 81933.003892 -2.505974 -3.044245 -2.462949 2.997493 -1.400907 -0.737758 0.671025 0.160416 0.925780 15.050296 0.426103
 81933.203892 -2.545330 2.728721 -2.488680 2.879861 -1.224795 -0.803688 0.685242 0.130233 0.921303 15.223069 0.427120
 81933.403892 -2.516424 2.835920 -2.543308 2.775277 -1.045550 -1.063237 0.748808 0.097700 0.912640 15.138629 0.428195
 81933.603892 -2.532281 2.644085 -2.424532 2.663092 -1.051071 -1.115742 0.742558 0.106658 0.914885 15.160948 0.429263
 81933.803892 -2.161330 2.848513 -2.432566 2.611115 -1.117712 -1.007844 0.679588 0.116371 0.917475 15.180149 0.430343
 81934.003892 -2.629492 2.941423 -2.632802 2.659593 -1.448570 -1.321526 0.758279 0.145279 0.922742 15.117808 0.431398
 81934.203892 -2.796186 2.981274 -2.578943 2.281505 -0.997898 -1.095665 0.835061 0.092627 0.910617 15.106689 0.432421
 81934.403892 -2.091764 2.673171 -2.346156 2.717557 -1.011228 -1.093256 0.654360 0.108506 0.915457 15.203132 0.433506
 81934.603892 -2.328120 2.911633 -2.698885 2.796336 -1.235210 -0.644499 0.699097 0.112129 0.916970 15.238705 0.434592
 81934.803892 -2.195878 3.033668 -2.543038 2.566433 -0.896336 -0.419869 0.721746 0.079253 0.907817 15.037592 0.435685
 81935.003892 -1.437051 2.636807 -2.515680 2.794153 -1.789391 -0.175237 0.726959 0.216057 0.939236 15.120460 0.436734
 81935.203892 -1.582521 2.795544 -2.858905 2.611704 -1.622912 -0.236557 0.746499 0.151960 0.926710 15.297927 0.437819
 81935.403892 -1.394453 2.838693 -2.632407 2.485216 -1.451951 -0.516379 0.773681 0.151428 0.926341 15.283498 0.438865
 81935.603892 -1.694603 2.913144 -2.731980 2.291048 -1.538850 -0.149169 0.769683 0.164352 0.929021 15.233566 0.439959
 81935.803892 -2.267248 2.883497 -2.608263 2.650340 -1.926552 0.750968 0.729642 0.215649 0.930643 14.319146 0.440869
 81936.003892 -2.184002 2.769383 -2.035083 2.820554 -1.731515 1.054502 0.623772 0.225451 0.920513 13.635222 0.441496
 81936.203892 -1.851638 3.123466 -2.839190 2.247390 -1.431139 1.260831 0.797970 0.128084 0.900455 14.628497 0.442276
 81936.403892 -1.615451 3.119133 -2.604719 2.406972 -1.496691 0.736575 0.753197 0.159711 0.919344 14.822543 0.443110
 81936.603892 -1.033092 2.667380 -2.483877 2.504605 -1.728129 0.954178 0.847832 0.197952 0.922275 14.147896 0.443999
 81936.803892 -1.351447 2.685956 -2.554069 2.050843 -1.304091 1.603173 0.819899 0.145298 0.888756 14.467882 0.444706
 81937.003892 -0.998056 2.472946 -2.155532 2.391591 -1.802577 1.272553 0.838252 0.212890 0.890910 13.435718 0.445378
 81937.203892 -1.336539 2.717695 -2.443491 2.456631 -1.787154 0.841846 0.781472 0.216519 0.928847 14.234777 0.446041
 81937.403892 -1.437739 2.700494 -2.334325 2.175099 -1.482939 0.991656 0.761317 0.196123 0.922972 14.215730 0.446846
 81937.603892 -1.290918 2.959427 -2.558442 2.555356 -1.962515 1.418463 0.765075 0.189833 0.873131 13.430853 0.447449
 81937.803892 -1.153238 2.753698 -2.622722 2.210111 -1.402153 1.394499 0.856203 0.145404 0.900798 14.589172 0.448172
 81938.003892 -1.502363 2.688292 -2.624367 2.341954 -1.693562 0.895244 0.791867 0.195296 0.927009 14.446345 0.448967
 81938.203892 -1.294214 2.371343 -2.184070 2.439939 -1.353773 0.616104 0.779177 0.173775 0.925472 14.883985 0.449881
 81938.403892 -1.185310 2.796489 -2.696807 2.253812 -1.414268 0.541284 0.857178 0.148709 0.922912 15.171272 0.450874
 81938.603892 -1.239626 2.504728 -2.373989 2.193999 -1.250969 0.233086 0.808027 0.158308 0.926382 15.225708 0.451969
 81938.803892 -1.174374 2.635031 -2.597092 2.869153 -1.870941 -0.243374 0.713727 0.217943 0.939456 15.233852 0.453029
 81939.003892 -1.119948 2.511457 -2.497256 2.967994 -2.391939 0.147493 0.705581 0.272425 0.943688 16.574965 0.454234
 81939.203892 -1.230566 2.404672 -2.433999 2.517770 -1.771358 -0.353583 0.706374 0.220854 0.939679 15.242192 0.455845
 81939.403892 -0.976499 2.511623 -2.392494 2.482152 -1.074313 -0.248453 0.782664 0.111680 0.916412 15.224569 0.456943
 81939.603892 -1.294157 2.724289 -2.812196 2.708216 -1.315427 -0.567304 0.656716 0.112042 0.917177 15.256804 0.458053
 81939.803892 -1.047567 2.724515 -2.982591 2.735218 -1.243068 -0.421378 0.769215 0.085081 0.910060 15.120615 0.459155
 81940.003892 -1.608041 2.639401 -2.528526 2.591913 -1.151337 -0.643736 0.685669 0.116185 0.918095 15.261202 0.460263
