#! FIELDS time phi1 psi1 phi2 psi2 phi3 psi3 sum_abs ann.node-0 ann.node-1 WTMetaD.bias WTMetaD.acc
#! SET min_phi1 -pi
#! SET max_phi1 pi
#! SET min_psi1 -pi
#! SET max_psi1 pi
#! SET min_phi2 -pi
#! SET max_phi2 pi
#! SET min_psi2 -pi
#! SET max_psi2 pi
#! SET min_phi3 -pi
#! SET max_phi3 pi
#! SET min_psi3 -pi
#! SET max_psi3 pi
 85869.804079 -2.503657 2.953137 -2.137953 2.813852 -0.899621 2.184607 0.680591 -0.050604 0.999963 14.592114 1.000000
 85870.004079 -3.065288 2.847970 -2.004110 3.022148 -1.112405 2.411958 0.755686 -0.095749 0.999998 15.016939 0.000713
 85870.204079 -2.434845 2.654571 -2.073409 2.846648 -1.135282 2.362583 0.641110 -0.031539 0.999995 14.691148 0.001648
 85870.404079 -2.829761 2.514413 -1.775301 2.912467 -1.435251 2.313894 0.744688 -0.200689 0.999990 13.580312 0.002542
 85870.604079 -2.737967 2.856482 -2.344350 2.603828 -1.311887 2.811873 0.760614 0.120115 0.999999 18.560578 0.005357
 85870.804079 -2.904045 -3.124910 -2.429158 2.686143 -1.165231 2.734938 0.791673 0.143921 0.999999 18.810390 0.007579
 85871.004079 -2.438795 2.657114 -1.966849 2.788618 -1.667190 2.893745 0.642087 -0.027059 0.999995 14.755198 0.010913
 85871.204079 -2.829081 2.603535 -1.986192 2.877450 -1.322566 2.359588 0.691220 -0.070870 0.999994 14.794644 0.011759
 85871.404079 -2.632381 2.477046 -2.138873 2.936229 -1.079783 2.335747 0.658762 -0.045886 0.999996 14.606804 0.013510
 85871.604079 -2.620034 2.511220 -2.079265 3.097089 -1.206623 2.644758 0.620408 -0.029240 0.999999 14.721193 0.014428
 85871.804079 -2.394983 2.730389 -2.440719 2.992275 -1.208224 2.769785 0.640003 0.121729 1.000000 18.574656 0.018647
 85872.004079 -2.437870 2.775547 -2.265080 2.876143 -1.423666 2.795272 0.649076 0.081560 0.999999 18.419242 0.022602
 85872.204079 -2.538669 3.108466 -2.374216 2.846853 -1.081819 2.650732 0.638442 0.115072 0.999999 18.548847 0.026569
 85872.404079 -2.591407 2.540604 -2.003203 2.783794 -1.298544 2.959161 0.632704 -0.051832 0.999986 14.622842 0.028458
 85872.604079 -2.363136 2.574856 -2.185773 2.322752 -1.324940 -3.075594 0.709877 -0.061978 0.999978 14.697571 0.029906
 85872.804079 -2.587564 2.880301 -1.943050 2.400377 -1.297398 2.575382 0.747197 -0.014681 0.999998 15.025297 0.031452
 85873.004079 -2.725632 2.957194 -1.898168 2.521725 -1.289468 2.796041 0.760943 -0.034810 0.999993 14.656396 0.032260
 85873.204079 -2.613625 2.589852 -1.717386 2.363933 -1.686763 2.664494 0.761711 -0.106049 0.999998 15.108890 0.033492
 85873.404079 -2.489241 2.494958 -1.256512 2.236481 -1.405847 2.746782 0.785707 -0.334983 1.000000 13.992926 0.034163
 85873.604079 -2.497638 2.534285 -1.520606 2.135401 -1.185640 3.000102 0.687399 -0.353515 0.999999 14.464401 0.034712
 85873.804079 -2.601053 2.624802 -1.494444 2.122038 -1.588347 2.749386 0.776002 -0.201993 1.000000 13.568547 0.035595
 85874.004079 -2.374926 2.868874 -1.513275 1.835987 -1.377154 2.873274 0.698602 -0.081861 1.000000 14.934587 0.036427
 85874.204079 -2.340175 2.556417 -1.185334 1.952340 -1.290784 3.031597 0.761396 -0.375419 1.000000 15.047715 0.037117
 85874.404079 -2.419775 2.676667 -1.332910 2.131607 -1.406020 2.751362 0.742896 -0.263178 1.000000 13.568568 0.037693
 85874.604079 -2.283396 2.784889 -1.066860 2.396963 -1.814201 2.666457 0.788143 -0.343398 1.000000 14.196039 0.038367
 85874.804079 -2.118220 2.927586 -1.434823 2.860112 -2.137431 2.669558 0.680847 -0.236451 0.999999 13.533472 0.039036
 85875.004079 -2.445063 2.775239 -1.502705 2.914927 -2.017272 2.525593 0.709320 -0.244424 0.999999 13.555220 0.039791
 85875.204079 -2.228563 2.810357 -1.400940 2.655778 -1.958395 2.737535 0.712628 -0.247526 0.999998 13.561208 0.040425
 85875.404079 -2.236017 -2.976728 -1.862117 2.855479 -2.612976 2.730780 0.620767 -0.036079 0.999996 14.673174 0.041271
 85875.604079 -2.414875 -3.093595 -1.933955 2.596269 -2.494438 2.364049 0.691726 0.005142 0.999988 15.736440 0.042193
 85875.804079 -2.494138 2.724254 -1.359936 2.796006 -2.628071 2.688890 0.738552 -0.312976 0.999999 13.627324 0.043056
 85876.004079 -2.675854 2.817019 -1.938584 2.305098 -2.348683 2.665771 0.770730 0.007067 0.999999 15.819441 0.044111
 85876.204079 -2.671147 2.548181 -1.475120 2.699504 -2.667528 2.377026 0.793964 -0.302859 0.999992 13.558760 0.044984
 85876.404079 -2.639950 2.935949 -1.406048 2.585110 -2.337709 2.558015 0.766080 -0.253461 0.999998 13.568150 0.045657
 85876.604079 -1.948424 2.437088 -1.426277 2.520462 -2.293998 2.386474 0.728337 -0.264853 0.999995 13.568052 0.046272
 85876.804079 -2.288722 2.585977 -1.246546 2.087355 -2.013511 2.585037 0.755706 -0.215031 1.000000 13.510052 0.046838
 85877.004079 -1.557500 2.797920 -1.316475 2.357641 -2.280927 2.498172 0.737484 -0.233780 1.000000 13.526085 0.048440
 85877.204079 -1.223997 2.648617 -1.132126 2.763647 -2.825950 -3.094829 0.787360 -0.524154 0.999976 19.553635 0.049268
 85877.404079 -1.207106 2.779740 -1.095586 1.984429 -1.653459 2.819895 0.827089 -0.134414 1.000000 14.860811 0.050271
 85877.604079 -0.769671 2.453922 -0.928567 2.040840 -1.406114 2.479340 0.984739 -0.211156 1.000000 13.519701 0.050938
 85877.804079 -1.261244 2.442365 -0.625740 1.997905 -1.692080 2.691880 0.939158 -0.044957 1.000000 14.662890 0.051500
 85878.004079 -0.829171 2.243412 -0.709688 2.288955 -1.962854 2.529145 1.042802 -0.312096 1.000000 13.618887 0.052088
 85878.204079 -1.012695 2.745092 -1.211861 1.845691 -1.666283 2.552795 0.817742 0.006996 1.000000 15.864384 0.052831
 85878.404079 -0.998231 2.737135 -1.087010 1.980077 -1.686136 2.659027 0.864058 -0.087693 1.000000 15.057811 0.053836
 85878.604079 -1.088800 2.657729 -1.135042 2.073318 -1.397047 2.452323 0.847473 -0.225125 1.000000 13.514732 0.054569
 85878.804079 -1.308884 2.718636 -1.204499 2.033113 -1.265362 2.770409 0.756188 -0.189143 1.000000 13.714820 0.055297
 85879.004079 -1.112794 2.955076 -1.080665 2.419426 -2.110422 2.150277 0.851174 -0.472380 0.999997 17.364105 0.056046
 85879.204079 -1.257091 3.024113 -1.435534 2.535989 -2.136293 2.509638 0.749357 -0.142139 0.999998 14.702319 0.057022
 85879.404079 -1.444229 2.926703 -1.085574 2.480403 -2.188128 2.599296 0.783747 -0.285938 1.000000 13.589248 0.057681
 85879.604079 -1.465633 2.891932 -0.921277 2.052318 -2.007595 2.529864 0.836038 -0.141202 1.000000 14.722309 0.058373
 85879.804079 -1.372725 2.889754 -1.207267 2.311466 -2.464181 2.283485 0.787736 -0.360498 0.999999 14.686977 0.059201
 85880.004079 -1.295592 2.822995 -1.146704 2.548055 -2.546340 2.480167 0.797507 -0.305027 0.999999 13.631716 0.060113
 85880.204079 -1.092962 2.833102 -1.373346 2.843029 -2.527449 2.494304 0.772354 -0.219134 0.999999 13.516845 0.060698
 85880.404079 -1.688358 2.791248 -1.238978 2.594427 -2.425322 2.301579 0.735700 -0.369639 0.999997 14.940826 0.061384
 85880.604079 -1.261501 3.076150 -1.356777 3.017611 -2.829220 2.695392 0.701537 -0.257360 0.999999 13.627455 0.062387
 85880.804079 -1.530564 3.086095 -1.361532 2.776315 -2.708939 2.844212 0.690105 -0.271398 0.999997 13.645295 0.063037
 85881.004079 -1.376834 3.046488 -1.068286 2.747488 -2.602585 2.359685 0.776024 -0.393251 0.999999 15.490012 0.063708
 85881.204079 -1.732345 2.908832 -1.267798 2.692829 -2.508608 2.453593 0.716041 -0.306088 0.999999 13.702333 0.064332
 85881.404079 -1.783006 2.721674 -1.266459 2.277425 -1.957079 3.032261 0.718291 -0.384808 0.999999 15.300048 0.064966
 85881.604079 -1.265822 2.792036 -1.519396 2.845703 -2.702462 2.882574 0.719552 -0.205835 0.999996 13.548836 0.065724
 85881.804079 -1.446518 2.852497 -1.051898 2.787334 -2.460342 2.571978 0.779593 -0.328356 1.000000 13.967445 0.066292
 85882.004079 -1.512996 3.046384 -1.337268 2.865639 -2.377083 2.407589 0.704390 -0.282996 0.999999 13.646416 0.069032
 85882.204079 -1.534336 2.818858 -0.869782 2.780861 -2.426245 -3.111204 0.792753 -0.598469 0.999999 18.292261 0.070358
 85882.404079 -1.456301 2.670005 -1.238574 2.644137 -2.856179 2.714134 0.757102 -0.306262 0.999999 13.757714 0.072068
 85882.604079 -1.750281 3.094761 -1.554195 2.605685 -2.395324 2.197573 0.676887 -0.217693 0.999933 13.542574 0.072822
 85882.804079 -1.026563 2.724563 -0.937246 2.716913 -2.656575 2.460350 0.890602 -0.368029 1.000000 14.907659 0.073472
 85883.004079 -1.661824 2.823095 -1.140112 2.144614 -1.800577 2.844075 0.757319 -0.253637 1.000000 13.668343 0.074150
 85883.204079 -1.276965 3.082170 -1.532447 2.732445 -2.042556 2.873858 0.708385 -0.127096 0.999993 14.988676 0.074890
 85883.404079 -1.957562 2.636554 -1.089142 3.026017 -2.503554 2.611100 0.714319 -0.345187 1.000000 14.346738 0.075657
 85883.604079 -1.961932 2.565784 -0.968076 3.021140 -2.327364 2.802174 0.731457 -0.380129 1.000000 15.195029 0.076260
 85883.804079 -1.320046 2.565470 -1.309474 2.842183 -2.241803 2.437021 0.751178 -0.283874 0.999999 13.710987 0.076946
 85884.004079 -1.041531 2.657231 -1.356982 2.744215 -2.059871 3.095937 0.785577 -0.311702 0.999972 13.796815 0.077590
 85884.204079 -1.148479 2.828153 -1.389344 3.093486 -2.128989 2.462530 0.731312 -0.228231 1.000000 13.563639 0.078370
 85884.404079 -1.321058 2.950301 -1.320077 2.919647 -2.446845 2.664495 0.698656 -0.240444 0.999999 13.625332 0.078936
 85884.604079 -1.138491 2.653815 -1.235800 2.936812 -2.428056 2.635635 0.780922 -0.269395 1.000000 13.740857 0.079509
 85884.804079 -1.202191 2.527011 -1.297610 2.570679 -1.920859 2.983121 0.797770 -0.300362 0.999994 13.793532 0.080282
 85885.004079 -1.510658 2.444383 -0.938905 2.707197 -2.537815 2.675340 0.816793 -0.371417 1.000000 15.010468 0.080919
 85885.204079 -0.920178 2.304483 -0.993651 2.483937 -2.161992 2.804965 0.940670 -0.349285 1.000000 14.484484 0.081587
 85885.404079 -0.848860 2.403085 -1.174645 2.668249 -2.545606 2.561311 0.911796 -0.279744 0.999999 13.757016 0.082281
 85885.604079 -0.915149 2.690827 -1.342693 2.333527 -2.074712 2.819803 0.857505 -0.188474 0.999999 13.730040 0.082964
 85885.804079 -1.026530 2.430179 -1.024755 2.680473 -2.445695 2.900256 0.888531 -0.388938 0.999999 15.405672 0.083649
 85886.004079 -1.177995 2.655909 -1.282973 2.726609 -2.401927 2.974320 0.788650 -0.318331 0.999996 13.920009 0.084884
 85886.204079 -1.306466 2.610932 -1.607523 2.845878 -2.485668 2.644211 0.728241 -0.114208 0.999998 15.130326 0.085627
 85886.404079 -1.325948 2.451618 -1.397410 2.805312 -2.436758 2.614865 0.757464 -0.216944 0.999998 13.540301 0.086250
 85886.604079 -1.201656 2.593454 -1.650885 2.812360 -2.545965 2.553471 0.737083 -0.083813 0.999997 15.016564 0.087312
 85886.804079 -1.274133 2.487863 -1.197383 2.975731 -2.429791 2.865245 0.757884 -0.350673 1.000000 14.561582 0.087929
 85887.004079 -1.175866 2.681344 -1.862843 2.935422 -2.695610 2.618377 0.713159 -0.013198 0.999998 15.121500 0.088671
 85887.204079 -1.408835 2.758152 -1.710343 2.745548 -2.592459 3.007087 0.688558 -0.122222 0.999976 15.058751 0.089863
 85887.404079 -1.326571 2.764439 -1.454232 2.652565 -2.781864 2.625228 0.736820 -0.184735 0.999997 13.788161 0.090577
 85887.604079 -1.342105 2.875349 -1.414780 2.414550 -2.022554 2.796903 0.734312 -0.173854 0.999999 13.987631 0.091238
 85887.804079 -1.502476 2.604298 -1.296370 2.369449 -1.903821 2.634433 0.743533 -0.229538 1.000000 13.574299 0.091808
 85888.004079 -1.403205 2.354681 -1.007871 2.688381 -2.450145 3.052763 0.819824 -0.497883 0.999998 18.304049 0.092677
 85888.204079 -1.255825 2.581476 -1.645752 2.656272 -2.672032 3.097550 0.737465 -0.169297 0.999859 14.101026 0.093877
 85888.404079 -2.023956 2.755798 -1.238183 2.670990 -2.568613 2.766912 0.722527 -0.330392 0.999999 14.153464 0.094485
 85888.604079 -1.236460 2.721054 -1.300772 2.204581 -1.855039 2.605949 0.784137 -0.177473 1.000000 13.916344 0.095276
 85888.804079 -1.202260 2.750007 -1.326068 2.302342 -2.168078 2.578368 0.798218 -0.183395 1.000000 13.809939 0.095921
 85889.004080 -1.657176 2.840125 -1.242747 2.251326 -1.978483 2.987400 0.719142 -0.345317 1.000000 14.443706 0.096600
 85889.204080 -2.205397 2.885948 -1.272540 2.455289 -2.206540 2.582857 0.738419 -0.282518 0.999999 13.801031 0.097237
 85889.404080 -2.137443 2.814782 -1.273763 2.100245 -1.733074 2.568561 0.739906 -0.203993 1.000000 13.571073 0.098330
 85889.604080 -1.946482 2.641037 -1.349978 2.550500 -1.966015 2.622904 0.717425 -0.247207 0.999999 13.674437 0.099030
 85889.804080 -1.506180 2.321020 -1.376997 2.534479 -1.849111 2.815659 0.752642 -0.234228 0.999996 13.598293 0.099589
 85890.004080 -1.561635 2.488435 -1.384987 2.521725 -1.811300 2.371307 0.747371 -0.259862 0.999996 13.736319 0.100253
 85890.204080 -1.286466 2.240231 -1.240915 2.830558 -2.260732 2.998443 0.776184 -0.381779 0.999994 15.266756 0.100939
 85890.404080 -1.333175 2.231220 -1.444014 2.743562 -2.060365 2.933257 0.759102 -0.224179 0.999982 13.598950 0.101802
 85890.604080 -0.935747 2.205998 -1.291620 2.612747 -2.055345 3.122969 0.865916 -0.324719 0.999842 14.100850 0.102730
 85890.804080 -0.767807 2.132009 -1.215855 2.428724 -1.964471 2.974045 0.931833 -0.312909 0.999992 13.955444 0.103489
 85891.004080 -1.079400 2.310037 -0.813615 1.841127 -1.837477 2.979215 0.916192 -0.127923 1.000000 14.975169 0.104161
 85891.204080 -1.692052 2.591812 -1.080404 2.489644 -2.427650 2.754693 0.777357 -0.337687 1.000000 14.296467 0.104952
 85891.404080 -1.450218 2.874792 -1.232701 2.206910 -2.230555 2.794391 0.758183 -0.220841 1.000000 13.584957 0.105730
 85891.604080 -1.207646 2.905898 -1.069611 2.094788 -2.105789 2.687392 0.819322 -0.150631 1.000000 14.511311 0.106347
 85891.804080 -1.179479 2.560746 -1.134908 2.340510 -2.791674 2.940229 0.841543 -0.371325 0.999999 15.035939 0.107237
 85892.004080 -1.291470 2.797882 -1.280334 1.805690 -2.062253 -3.067627 0.757126 -0.335596 1.000000 14.257324 0.107946
 85892.204080 -1.038040 2.695586 -0.912827 2.004913 -1.706077 3.063911 0.884160 -0.330112 1.000000 14.221055 0.109690
 85892.404080 -1.316003 2.480551 -0.606007 2.224586 -2.130199 2.874372 0.949732 -0.248266 1.000000 13.746620 0.110342
 85892.604080 -1.269751 2.532789 -0.718378 2.234440 -2.364455 2.883084 0.918682 -0.287915 1.000000 13.890551 0.111149
 85892.804080 -1.205873 2.709083 -0.890692 2.392761 -2.624271 2.470875 0.887358 -0.332181 1.000000 14.255815 0.111774
 85893.004080 -0.991972 2.613243 -1.100969 2.359053 -2.380798 2.909317 0.871671 -0.330050 1.000000 14.220079 0.112370
 85893.204080 -1.611392 2.652922 -1.303886 2.605972 -2.232118 2.599252 0.734480 -0.247182 0.999999 13.740024 0.113023
 85893.404080 -2.259479 2.520960 -1.164848 2.380042 -1.661172 2.681915 0.779241 -0.343776 1.000000 14.475869 0.113719
 85893.604080 -2.179016 2.709878 -1.338580 2.586531 -2.071932 2.655632 0.723034 -0.265608 0.999999 13.833820 0.114470
 85893.804080 -2.316738 2.911565 -1.249008 2.457569 -1.606086 2.841508 0.748278 -0.343779 0.999999 14.476005 0.115336
 85894.004080 -1.806293 2.735250 -1.038245 2.156384 -1.339008 2.698918 0.788569 -0.266567 1.000000 13.837356 0.116266
 85894.204080 -1.224509 2.558126 -1.032327 2.366048 -1.517834 2.717683 0.857100 -0.310896 1.000000 14.023064 0.116939
 85894.404080 -1.637059 2.801374 -1.332325 2.444671 -1.117634 2.637162 0.722522 -0.281553 0.999998 13.937072 0.117620
 85894.604080 -1.863616 2.571267 -1.353560 2.917841 -1.491669 2.875975 0.688144 -0.348570 0.999999 14.584354 0.118244
 85894.804080 -2.314432 2.817188 -1.370619 2.692388 -1.310669 2.356943 0.730376 -0.355203 0.999994 14.727328 0.118909
 85895.004080 -2.542764 2.968923 -1.266057 2.860213 -1.830019 2.595448 0.740562 -0.334306 0.999999 14.308313 0.119626
 85895.204080 -2.400232 -3.112019 -1.210717 2.970492 -2.492637 2.440924 0.687715 -0.387021 1.000000 15.405926 0.120317
 85895.404080 -2.512205 2.669744 -0.887988 2.536221 -1.838152 2.380025 0.872160 -0.489221 1.000000 17.967997 0.121540
 85895.604080 -2.321886 3.018319 -1.186340 2.274870 -1.609451 1.911197 0.777869 -0.617870 0.999868 17.460199 0.125498
 85895.804080 -2.686707 3.090276 -1.268289 2.365099 -1.306141 2.037087 0.819359 -0.533056 0.999892 19.933790 0.128953
 85896.004080 -2.300523 3.070796 -1.142035 2.247069 -1.323843 2.247726 0.776634 -0.480683 0.999999 17.652270 0.133405
 85896.204080 -2.673598 -3.106333 -1.306817 1.952075 -1.127721 2.704817 0.801045 -0.201855 1.000000 13.624129 0.134462
 85896.404080 -2.698214 3.026630 -1.120099 2.124893 -1.740470 2.848699 0.848860 -0.316170 1.000000 14.064450 0.135076
 85896.604080 -1.826074 3.125467 -1.432421 2.450455 -1.898653 2.311144 0.692253 -0.251045 0.999995 13.821984 0.135734
 85896.804080 -1.938723 -3.133433 -1.504122 2.036117 -1.269814 2.563121 0.670792 -0.148281 1.000000 14.566209 0.136343
 85897.004080 -2.080501 2.623662 -1.088707 2.141303 -1.507380 2.288534 0.792865 -0.423539 1.000000 16.190695 0.137290
 85897.204080 -2.210912 3.057698 -1.240354 1.840497 -1.114263 2.494263 0.740035 -0.118610 1.000000 15.095812 0.137998
 85897.404080 -2.041492 2.802356 -1.080883 2.213569 -1.703963 2.764232 0.775494 -0.289481 1.000000 13.947408 0.138677
 85897.604080 -1.274101 3.095796 -1.547917 2.384726 -1.456999 2.469213 0.738175 -0.121479 0.999997 15.065271 0.139380
 85897.804080 -1.843890 2.816266 -1.353480 2.507983 -1.311248 2.624577 0.710512 -0.267851 0.999998 13.904853 0.140019
 85898.004080 -1.529941 2.908139 -1.426313 2.384237 -1.214460 2.213584 0.730284 -0.334913 0.999985 14.320646 0.140669
 85898.204080 -1.220709 -3.046928 -1.668479 2.651925 -1.226285 2.685958 0.711844 -0.039075 0.999985 14.681165 0.141487
 85898.404080 -1.399183 2.724792 -1.386717 2.360721 -1.257277 2.339888 0.760746 -0.294368 0.999997 13.991716 0.142305
 85898.604080 -1.240556 2.959012 -1.361197 2.299416 -1.341996 2.338665 0.777682 -0.278379 0.999999 13.954215 0.142941
 85898.804080 -1.264450 2.954518 -1.588703 2.282163 -1.269278 2.105655 0.749207 -0.282081 0.999955 13.967712 0.143881
 85899.004080 -1.178906 2.661853 -1.237757 2.403774 -1.731405 2.363902 0.825186 -0.305077 0.999999 14.035184 0.144601
 85899.204080 -1.229736 2.683477 -1.534273 2.337929 -1.331641 2.367415 0.774532 -0.188355 0.999997 13.754862 0.145273
 85899.404080 -1.242254 2.586764 -1.250462 2.611176 -1.546003 2.107094 0.805539 -0.421013 0.999914 16.149257 0.146481
 85899.604080 -1.644553 2.400022 -1.130965 2.242467 -1.108033 2.464893 0.770073 -0.375493 1.000000 15.202949 0.147209
 85899.804080 -0.930232 2.681016 -1.531918 2.573972 -1.167622 2.330385 0.822568 -0.162232 0.999969 14.248959 0.148081
 85900.004080 -0.895794 2.368368 -1.036189 2.495510 -1.765815 2.514009 0.939546 -0.333871 1.000000 14.359473 0.148979
